1e-05	35.6427
1.03125e-05	35.1109
1.0625e-05	34.603
1.09375e-05	34.1172
1.125e-05	33.6519
1.15625e-05	33.2058
1.1875e-05	32.7775
1.21875e-05	32.366
1.25e-05	31.9702
1.28125e-05	31.589
1.3125e-05	31.2217
1.34375e-05	30.8674
1.375e-05	30.5254
1.4375e-05	29.8754
1.5e-05	29.267
1.5625e-05	28.6958
1.625e-05	28.1583
1.6875e-05	27.6513
1.75e-05	27.172
1.8125e-05	26.7181
1.875e-05	26.2874
1.9375e-05	25.878
2e-05	25.4882
2.09375e-05	24.937
2.1875e-05	24.4222
2.28125e-05	23.94
2.375e-05	23.4872
2.46875e-05	23.0608
2.5625e-05	22.6584
2.65625e-05	22.278
2.75e-05	21.9176
2.84375e-05	21.5755
2.9375e-05	21.2502
3.03125e-05	20.9405
3.125e-05	20.6452
3.21875e-05	20.3631
3.3125e-05	20.0934
3.40625e-05	19.8351
3.5e-05	19.5876
3.59375e-05	19.3501
3.6875e-05	19.1219
3.78125e-05	18.9025
3.875e-05	18.6913
3.96875e-05	18.4879
4.0625e-05	18.2918
4.25e-05	17.9197
4.4375e-05	17.5722
4.625e-05	17.2468
4.8125e-05	16.9411
5e-05	16.6535
5.15625e-05	16.4263
5.3125e-05	16.2095
5.46875e-05	16.0025
5.625e-05	15.8045
5.78125e-05	15.6149
5.9375e-05	15.4332
6.09375e-05	15.2588
6.25e-05	15.0912
6.40625e-05	14.9301
6.5625e-05	14.7751
6.71875e-05	14.6257
6.875e-05	14.4818
7.1875e-05	14.2087
7.5e-05	13.9537
7.8125e-05	13.715
8.125e-05	13.491
8.4375e-05	13.2802
8.75e-05	13.0815
9.0625e-05	12.8938
9.375e-05	12.7161
9.6875e-05	12.5476
0.0001	12.3877
0.000103125	12.2356
0.00010625	12.0907
0.000109375	11.9525
0.0001125	11.8205
0.000115625	11.6944
0.00011875	11.5736
0.000121875	11.4579
0.000125	11.3469
0.000128125	11.2403
0.00013125	11.1379
0.000134375	11.0394
0.0001375	10.9446
0.00014375	10.7652
0.00015	10.5982
0.00015625	10.4422
0.0001625	10.2963
0.00016875	10.1594
0.000175	10.0307
0.00018125	9.9094
0.0001875	9.79495
0.00019375	9.68674
0.0002	9.58426
0.000209375	9.44029
0.00021875	9.30687
0.000228125	9.18285
0.0002375	9.06726
0.000246875	8.95925
0.00025625	8.85809
0.000265625	8.76313
0.000275	8.67383
0.000284375	8.58967
0.00029375	8.51024
0.000303125	8.43513
0.0003125	8.364
0.000321875	8.29655
0.00033125	8.23249
0.000340625	8.17157
0.00035	8.11356
0.000359375	8.05827
0.00036875	8.00551
0.000378125	7.9551
0.0003875	7.90689
0.000396875	7.86075
0.00040625	7.81654
0.000425	7.73345
0.00044375	7.65679
0.0004625	7.58585
0.00048125	7.52001
0.0005	7.45874
0.000515625	7.41085
0.00053125	7.36558
0.000546875	7.32273
0.0005625	7.28211
0.000578125	7.24355
0.00059375	7.20691
0.000609375	7.17204
0.000625	7.13881
0.000640625	7.10713
0.00065625	7.07688
0.000671875	7.04797
0.0006875	7.02031
0.00071875	6.96844
0.00075	6.92072
0.00078125	6.87667
0.0008125	6.8359
0.00084375	6.79804
0.000875	6.7628
0.00090625	6.72993
0.0009375	6.69919
0.00096875	6.67038
0.001	6.64333
0.00103125	6.61788
0.0010625	6.5939
0.00109375	6.57126
0.001125	6.54986
0.00115625	6.52959
0.0011875	6.51037
0.00121875	6.49211
0.00125	6.47476
0.00128125	6.45824
0.0013125	6.4425
0.00134375	6.42747
0.001375	6.41313
0.0014375	6.38627
0.0015	6.36163
0.0015625	6.33894
0.001625	6.31797
0.0016875	6.29853
0.00175	6.28047
0.0018125	6.26364
0.001875	6.24792
0.0019375	6.23321
0.002	6.2194
0.00209375	6.20021
0.0021875	6.18266
0.00228125	6.16653
0.002375	6.15166
0.00246875	6.1379
0.0025625	6.12514
0.00265625	6.11327
0.00275	6.1022
0.00284375	6.09185
0.0029375	6.08216
0.00303125	6.07305
0.003125	6.06449
0.00321875	6.05641
0.0033125	6.04879
0.00340625	6.04158
0.0035	6.03476
0.00359375	6.02828
0.0036875	6.02213
0.00378125	6.01628
0.003875	6.01071
0.00396875	6.00539
0.0040625	6.00032
0.00425	5.99084
0.0044375	5.98215
0.004625	5.97416
0.0048125	5.96677
0.005	5.95993
0.00515625	5.95461
0.0053125	5.94959
0.00546875	5.94486
0.005625	5.94038
0.00578125	5.93614
0.0059375	5.93212
0.00609375	5.92831
0.00625	5.92468
0.00640625	5.92122
0.0065625	5.91793
0.00671875	5.91478
0.006875	5.91178
0.0071875	5.90616
0.0075	5.90099
0.0078125	5.89623
0.008125	5.89183
0.0084375	5.88775
0.00875	5.88396
0.0090625	5.88042
0.009375	5.87711
0.0096875	5.87402
0.01	5.87111
0.0103125	5.86837
0.010625	5.86579
0.0109375	5.86335
0.01125	5.86105
0.0115625	5.85887
0.011875	5.8568
0.0121875	5.85483
0.0125	5.85296
0.0128125	5.85118
0.013125	5.84948
0.0134375	5.84786
0.01375	5.84631
0.014375	5.84341
0.015	5.84074
0.015625	5.83828
0.01625	5.836
0.016875	5.83389
0.0175	5.83193
0.018125	5.83009
0.01875	5.82838
0.019375	5.82677
0.02	5.82526
0.0206625	5.82376
0.021325	5.82235
0.0219875	5.82101
0.02265	5.81976
0.0233125	5.81857
0.023975	5.81745
0.0246375	5.81639
0.0253	5.81538
0.0259754	5.8144
0.0266508	5.81347
0.0273262	5.81258
0.0280016	5.81173
0.0293523	5.81015
0.0307031	5.80871
0.0320539	5.80738
0.0334047	5.80616
0.0347555	5.80503
0.0361062	5.80398
0.037843	5.80273
0.0395797	5.80159
0.0413164	5.80054
0.0430531	5.79958
0.0447898	5.79868
0.0465266	5.79785
0.0482633	5.79708
0.05	5.79635
0.0515625	5.79574
0.053125	5.79517
0.0546875	5.79462
0.05625	5.79411
0.059375	5.79315
0.0625	5.79229
0.065625	5.7915
0.06875	5.79079
0.071875	5.79013
0.075	5.78952
0.078125	5.78896
0.08125	5.78844
0.084375	5.78796
0.0875	5.78751
0.090625	5.78709
0.09375	5.78669
0.096875	5.78632
0.1	5.78597
0.103125	5.78565
0.10625	5.78534
0.1125	5.78476
0.11875	5.78425
0.125	5.78378
0.13125	5.78335
0.1375	5.78296
0.14375	5.7826
0.15	5.78227
0.15625	5.78197
0.1625	5.78168
0.16875	5.78142
0.175	5.78117
0.18125	5.78094
0.1875	5.78072
0.2	5.78033
0.209375	5.78006
0.21875	5.77981
0.228125	5.77958
0.2375	5.77937
0.246875	5.77917
0.25625	5.77899
0.265625	5.77882
0.275	5.77865
0.29375	5.77836
0.3125	5.7781
0.33125	5.77786
0.35	5.77765
0.36875	5.77746
0.3875	5.77728
0.40625	5.77712
0.425	5.77697
0.44375	5.77683
0.4625	5.7767
0.5	5.77648
0.53125	5.77631
0.5625	5.77615
0.59375	5.77601
0.625	5.77589
0.6875	5.77567
0.75	5.77547
0.8125	5.77531
0.875	5.77517
0.9375	5.77504
1	5.77492
1.0625	5.77482
1.125	5.77473
1.1875	5.77464
1.25	5.77456
1.375	5.77442
1.5	5.7743
1.625	5.7742
1.75	5.7741
1.875	5.77402
2	5.77394
2.1875	5.77384
2.375	5.77375
2.5625	5.77367
2.75	5.77359
2.9375	5.77353
3.125	5.77346
3.3125	5.7734
3.5	5.77335
3.875	5.77325
4.25	5.77316
4.625	5.77308
5	5.77301
5.3125	5.77295
5.625	5.77289
6.25	5.77279
6.875	5.77269
7.5	5.7726
8.125	5.77252
8.75	5.77244
9.375	5.77236
10	5.77228
11.25	5.77214
12.5	5.772
13.75	5.77186
15	5.77173
16.25	5.77161
17.5	5.77148
20	5.77124
21.875	5.77106
23.75	5.77088
27.5	5.77053
31.25	5.77019
35	5.76984
38.75	5.76951
42.5	5.76917
50	5.7685
56.25	5.76795
62.5	5.7674
68.75	5.76684
75	5.76629
87.5	5.76519
100	5.76408
112.5	5.76298
125	5.76187
150	5.75964
175	5.75739
200	5.75513
237.5	5.75171
275	5.74824
312.5	5.74473
350	5.74117
425	5.73392
500	5.72647
625	5.71357
750	5.70002
875	5.68573
1000	5.67062
1125	5.65459
1250	5.63751
1500	5.5996
1750	5.55532
2000	5.50224
2151.51	5.46415
2303.02	5.42025
2454.53	5.36865
2606.03	5.30667
2764.76	5.22583
2844.12	5.17718
2923.48	5.12127
2988.41	5.06854
3053.34	5.00818
3118.28	4.93832
3183.21	4.85639
3222.89	4.79858
3262.57	4.73369
3302.25	4.66036
3341.93	4.57673
3378.01	4.48941
3414.08	4.38947
3450.15	4.2729
3486.23	4.13646
3506.07	4.05038
3525.91	3.95503
3545.75	3.84889
3565.59	3.72998
3585.43	3.59572
3605.27	3.44313
3625.11	3.26841
3635.03	3.17109
3644.95	3.06643
3656.67	2.93137
3668.4	2.78347
3680.12	2.61975
3691.85	2.43834
3701.77	2.26908
3706.73	2.17846
3711.69	2.08352
3716.65	1.98406
3721.61	1.87981
3726.57	1.77056
3731.52	1.65615
3735.36	1.56404
3739.19	1.46868
3743.02	1.37004
3746.86	1.26817
3750.69	1.16316
3754.52	1.05532
3758.36	0.944722
3762.19	0.831963
3767.37	0.677273
3772.56	0.522833
3775.15	0.447049
3777.75	0.373253
3779.04	0.337378
3780.34	0.302408
3781.64	0.268509
3782.93	0.235897
3784.11	0.20741
3785.3	0.180358
3786.48	0.154951
3787.67	0.131444
3788.85	0.110063
3790.03	0.0911339
3790.62	0.0826749
3791.22	0.0749507
3791.81	0.0680105
3792.4	0.0619175
3793.19	0.0551758
3793.59	0.0524474
3793.98	0.0501772
3794.37	0.0483732
3794.77	0.0470647
3795.16	0.046266
3795.36	0.0460665
3795.56	0.0460031
3795.78	0.0461017
3796.01	0.0463859
3796.21	0.0467931
3796.4	0.0473475
3796.6	0.0480538
3796.8	0.0489153
3796.99	0.0499407
3797.19	0.0511231
3797.59	0.0539864
3797.85	0.0563254
3798.12	0.0589917
3798.39	0.0619946
3798.66	0.0653303
3799.19	0.0731032
3799.73	0.0823639
3800.26	0.0932352
3800.8	0.105771
3801.34	0.120117
3801.87	0.136327
3802.49	0.157624
3803.11	0.181797
3803.73	0.209045
3804.35	0.239585
3804.97	0.273649
3805.59	0.311486
3806.21	0.353366
3806.83	0.399578
3807.45	0.450436
3808.07	0.506277
3808.38	0.53618
3808.69	0.567468
3809	0.600191
3809.31	0.634403
3809.62	0.670157
3809.93	0.70751
3810.24	0.746522
3810.55	0.787254
3810.86	0.82977
3811.17	0.874137
3811.48	0.920424
3811.79	0.968705
3812.1	1.01905
3812.41	1.07155
3812.72	1.12628
3813.03	1.18332
3813.34	1.24277
3813.65	1.30472
3813.96	1.36927
3814.27	1.43652
3814.58	1.50657
3814.89	1.57955
3815.51	1.73472
3816.13	1.90304
3816.75	2.08561
3817.37	2.28362
3817.99	2.4984
3818.61	2.7314
3819.23	2.98423
3819.85	3.25864
3820.47	3.55659
3821.09	3.88023
3821.71	4.23197
3822.33	4.61445
3822.95	5.03063
3823.57	5.4838
3824.19	5.97765
3824.81	6.51627
3825.43	7.10429
3826.05	7.74688
3826.67	8.44986
3826.98	8.82603
3827.29	9.21982
3827.6	9.63221
3827.91	10.0642
3828.22	10.5169
3828.53	10.9914
3828.84	11.4891
3829.15	12.0111
3829.46	12.559
3829.77	13.1342
3830.08	13.7383
3830.39	14.3731
3830.7	15.0404
3831.01	15.7422
3831.32	16.4807
3831.63	17.2581
3831.94	18.0768
3832.25	18.9396
3832.56	19.8492
3832.87	20.8087
3833.18	21.8215
3833.49	22.891
3833.8	24.0212
3834.11	25.2163
3834.42	26.4806
3834.73	27.8191
3835.04	29.2371
3835.35	30.7404
3835.66	32.335
3835.97	34.0278
3836.28	35.8261
3836.59	37.7379
3837.07	40.9424
3837.31	42.6657
3837.55	44.4685
3837.79	46.3711
3838.03	48.3635
3838.27	50.4684
3838.51	52.6748
3838.75	55.0083
3838.99	57.4571
3839.23	60.0497
3839.46	62.7734
3839.7	65.6604
3839.94	68.6966
3840.18	71.9184
3840.42	75.3104
3840.73	80.0038
3841.04	85.0559
3841.35	90.4988
3841.66	96.3676
3841.97	102.7
3842.28	109.539
3842.59	116.928
3842.9	124.917
3843.21	133.559
3843.52	142.908
3843.83	153.026
3844.14	163.973
3844.45	175.816
3844.76	188.619
3845.07	202.448
3845.38	217.365
3845.74	235.859
3846.09	255.927
3846.45	277.619
3846.8	300.884
3847.16	325.826
3847.51	352.225
3847.87	380.08
3848.22	409.008
3849.16	489.22
3849.64	528.868
3850.11	566.218
3850.35	583.644
3850.58	599.847
3850.82	614.713
3851.05	628.06
3851.29	639.77
3851.53	649.6
3851.76	657.485
3852	663.337
3852.31	667.884
3852.63	668.664
3852.89	666.562
3853.14	662.091
3853.4	655.373
3853.65	646.564
3853.91	635.85
3854.17	623.437
3854.42	609.548
3854.68	594.412
3855.19	561.317
3855.7	525.905
3856.21	489.711
3856.72	454.035
3857.13	426.487
3857.54	400.187
3857.95	375.216
3858.36	351.816
3858.76	329.921
3859.17	309.633
3859.58	290.809
3859.98	273.471
3860.39	257.564
3860.8	242.907
3861.2	229.406
3861.61	216.97
3862.01	205.508
3862.41	194.938
3862.82	185.179
3863.22	176.183
3863.7	166.38
3864.18	157.441
3864.66	149.238
3865.14	141.729
3865.62	134.811
3866.09	128.453
3866.57	122.584
3867.05	117.156
3867.46	112.87
3867.86	108.847
3868.27	105.065
3868.67	101.506
3869.08	98.1529
3869.48	94.9902
3869.89	92.0036
3870.29	89.1872
3871.1	83.9838
3871.91	79.3052
3872.72	75.082
3873.53	71.2602
3874.34	67.7814
3875.15	64.6084
3875.96	61.7054
3876.77	59.0451
3877.58	56.5942
3878.39	54.3336
3879.2	52.2432
3880.01	50.3082
3881.26	47.5808
3882.51	45.1391
3883.76	42.9406
3885.01	40.9506
3886.26	39.1405
3887.51	37.4916
3888.77	35.9837
3890.02	34.6005
3891.64	32.9718
3893.26	31.5038
3894.88	30.1733
3896.49	28.9642
3898.12	27.86
3899.73	26.8494
3901.35	25.9209
3902.97	25.0654
3904.59	24.2743
3906.21	23.5418
3907.83	22.8616
3909.45	22.2284
3912.69	21.0851
3915.93	20.0842
3919.16	19.1995
3922.4	18.411
3925.64	17.7058
3928.88	17.0719
3932.12	16.4989
3935.36	15.9791
3938.6	15.5051
3941.84	15.0718
3946.55	14.5036
3951.26	13.9987
3955.97	13.5474
3960.68	13.1418
3964.51	12.8414
3968.33	12.5641
3972.16	12.308
3975.99	12.071
3979.23	11.8842
3980.85	11.7954
3982.47	11.7096
3984.09	11.6268
3985.7	11.547
3987.32	11.4704
3988.94	11.3973
3990.12	11.3464
3991.3	11.2979
3992.48	11.252
3993.65	11.2092
3994.83	11.1705
3995.42	11.153
3996.01	11.137
3996.6	11.123
3997.19	11.1112
3997.78	11.1022
3998.36	11.0967
3998.81	11.0956
3999.25	11.0977
3999.69	11.1038
4000.13	11.1152
4000.54	11.1318
4000.94	11.1567
4001.14	11.1734
4001.35	11.1937
4001.55	11.2189
4001.75	11.25
4001.95	11.2892
4002.16	11.3388
4002.36	11.4028
4002.46	11.4415
4002.56	11.4856
4002.66	11.5365
4002.76	11.5944
4002.87	11.6608
4002.97	11.737
4003.07	11.8246
4003.17	11.9252
4003.27	12.0407
4003.37	12.1733
4003.47	12.327
4003.57	12.5013
4003.67	12.7005
4003.78	12.9278
4003.88	13.1893
4003.98	13.4834
4004.08	13.8163
4004.13	14.0005
4004.18	14.1921
4004.23	14.3995
4004.28	14.6194
4004.33	14.8523
4004.38	15.0939
4004.43	15.3544
4004.48	15.6241
4004.53	15.9142
4004.58	16.214
4004.64	16.5359
4004.69	16.8679
4004.74	17.2237
4004.79	17.5897
4004.84	17.9812
4004.89	18.3831
4004.94	18.8119
4004.99	19.2512
4005.05	19.8035
4005.11	20.3836
4005.17	20.9919
4005.23	21.6287
4005.29	22.2941
4005.35	22.9882
4005.41	23.7108
4005.47	24.4492
4005.59	26.0341
4005.71	27.7118
4005.83	29.5035
4005.95	31.3694
4006.1	33.9456
4006.26	36.6014
4006.57	42.0395
4006.77	45.4817
4006.98	48.6899
4007.1	50.4393
4007.22	52.0264
4007.32	53.2395
4007.42	54.3147
4007.52	55.2395
4007.62	56.0025
4007.69	56.4536
4007.77	56.8057
4007.86	57.1096
4007.95	57.2668
4008	57.2901
4008.01	57.2893
4008.03	57.281
4008.05	57.2648
4008.09	57.2082
4008.18	56.9987
4008.26	56.6765
4008.34	56.2449
4008.42	55.6742
4008.5	54.9966
4008.59	54.2116
4008.67	53.3254
4008.79	51.8669
4008.91	50.2325
4009.08	47.7364
4009.24	45.0445
4009.52	40.3534
4009.79	35.6177
4009.97	32.5477
4010.06	31.0671
4010.15	29.632
4010.24	28.2478
4010.34	26.9191
4010.43	25.6499
4010.52	24.4557
4010.6	23.3977
4010.68	22.4071
4010.77	21.4712
4010.85	20.59
4010.93	19.7535
4011.02	18.9807
4011.1	18.26
4011.18	17.59
4011.27	16.9618
4011.35	16.3883
4011.43	15.8597
4011.52	15.3738
4011.6	14.9282
4011.68	14.5206
4011.76	14.1486
4011.85	13.8099
4011.92	13.5269
4012	13.2681
4012.08	13.0317
4012.15	12.8188
4012.23	12.6223
4012.3	12.4434
4012.38	12.2809
4012.45	12.1351
4012.53	12.0009
4012.61	11.8792
4012.68	11.7689
4012.76	11.6701
4012.83	11.5792
4012.91	11.4978
4013.06	11.3557
4013.21	11.2375
4013.36	11.1399
4013.51	11.0577
4013.66	10.9888
4013.82	10.9298
4013.97	10.8794
4014.12	10.8356
4014.27	10.797
4014.56	10.7347
4014.85	10.6835
4015.13	10.6396
4015.42	10.6016
4015.71	10.5676
4015.99	10.5372
4016.28	10.5094
4016.57	10.4839
4017.14	10.4382
4017.72	10.3981
4018.3	10.362
4018.87	10.3293
4019.54	10.2944
4020.2	10.2623
4020.87	10.2322
4021.53	10.2038
4022.2	10.1768
4022.87	10.151
4024.2	10.1023
4025.53	10.0565
4026.86	10.013
4028.19	9.97142
4029.52	9.93138
4030.86	9.89259
4032.19	9.85492
4034.85	9.78254
4037.52	9.71347
4040.18	9.64728
4042.84	9.5836
4045.5	9.52222
4048.17	9.46292
4050.83	9.40558
4056.16	9.29622
4061.49	9.19334
4066.81	9.09628
4072.14	9.00452
4080.37	8.8721
4088.61	8.74996
4096.84	8.63672
4105.07	8.53153
4115.72	8.40599
4126.38	8.29099
4147.69	8.08776
4168.99	7.91375
4190.3	7.7629
4211.61	7.63084
4232.92	7.51431
4254.23	7.41079
4275.53	7.3181
4318.15	7.15898
4360.77	7.02744
4403.38	6.91651
4446	6.82156
4488.61	6.73937
4531.23	6.66758
4573.84	6.60411
4659.08	6.49672
4744.31	6.40927
4829.54	6.33607
4914.77	6.27364
5000	6.21953
5096.66	6.16618
5193.31	6.11932
5386.62	6.04001
5509.64	5.99714
5632.65	5.9583
5764.46	5.92058
5896.26	5.8859
6028.06	5.8536
6159.87	5.82332
6256.52	5.80218
6353.18	5.78182
6449.83	5.76216
6546.49	5.74321
6616.78	5.72989
6687.08	5.71705
6735.4	5.70858
6783.73	5.70049
6832.06	5.69293
6880.39	5.68617
6913.34	5.68227
6946.29	5.67924
6979.24	5.67746
6995.72	5.67729
7012.19	5.67778
7030.86	5.67938
7049.54	5.68253
7068.21	5.68783
7086.88	5.69645
7098.96	5.70458
7111.05	5.71558
7123.13	5.73061
7135.21	5.75144
7142.35	5.76759
7149.49	5.78753
7156.63	5.81266
7163.77	5.84466
7169.81	5.87899
7175.85	5.92234
7181.89	5.97804
7187.93	6.05104
7191.22	6.10069
7194.52	6.15956
7197.81	6.23004
7201.11	6.31528
7204.13	6.41008
7207.15	6.52552
7210.17	6.66804
7213.19	6.84677
7215.66	7.02914
7218.13	7.2549
7219.37	7.38851
7220.6	7.53888
7221.84	7.70931
7223.08	7.9033
7224.59	8.1797
7226.1	8.50919
7226.85	8.69852
7227.61	8.90678
7228.36	9.13689
7229.12	9.39204
7229.87	9.6764
7230.63	9.99378
7231.38	10.35
7232.14	10.7517
7232.89	11.2071
7233.65	11.7261
7234.4	12.3216
7235.16	13.0093
7235.61	13.4681
7236.05	13.9704
7236.5	14.5233
7236.94	15.1339
7237.39	15.8123
7237.84	16.5658
7238.28	17.4082
7238.73	18.3543
7239.11	19.2509
7239.48	20.2459
7239.86	21.3611
7240.24	22.6105
7240.62	24.0252
7240.81	24.8027
7240.99	25.6283
7241.18	26.5157
7241.37	27.4664
7241.56	28.4868
7241.75	29.5779
7241.91	30.5916
7242.07	31.6742
7242.24	32.8321
7242.4	34.0726
7242.56	35.4035
7242.73	36.8337
7242.89	38.3729
7243.05	40.0319
7243.22	41.8227
7243.38	43.7584
7243.54	45.8534
7243.7	48.1237
7243.87	50.5863
7244.03	53.2602
7244.19	56.1656
7244.36	59.3241
7244.55	63.3344
7244.74	67.755
7244.92	72.6269
7245.11	77.9927
7245.3	83.8962
7245.49	90.3818
7245.68	97.4931
7245.87	105.229
7246.06	113.711
7246.25	122.933
7246.43	132.923
7246.62	143.641
7246.81	155.209
7247	167.569
7247.19	180.703
7247.38	194.5
7247.53	206.388
7247.69	218.618
7248	244.219
7248.61	297.685
7248.99	330.05
7249.18	345.528
7249.37	360.186
7249.52	371.645
7249.68	382.276
7249.83	392.046
7249.99	400.853
7250.14	408.6
7250.3	415.203
7250.45	420.588
7250.61	424.693
7250.81	427.98
7251	429.086
7251.16	428.375
7251.32	426.223
7251.48	422.657
7251.64	417.721
7251.8	411.473
7251.95	403.99
7252.11	395.357
7252.27	385.739
7252.54	367.284
7252.81	346.781
7253.08	324.755
7253.34	301.791
7253.88	255.23
7254.15	232.581
7254.42	210.862
7254.68	190.354
7254.82	180.62
7254.95	171.257
7255.09	162.279
7255.22	153.694
7255.35	145.506
7255.49	137.719
7255.61	130.974
7255.73	124.555
7255.85	118.457
7255.97	112.719
7256.1	107.238
7256.22	102.054
7256.34	97.1568
7256.46	92.5721
7256.58	88.2132
7256.71	84.1076
7256.83	80.2435
7256.95	76.6378
7257.07	73.2192
7257.19	70.0067
7257.32	66.9887
7257.44	64.1765
7257.57	61.2598
7257.7	58.5372
7257.84	55.9954
7257.97	53.6218
7258.11	51.4044
7258.24	49.3318
7258.37	47.3935
7258.51	45.5795
7258.64	43.8806
7258.78	42.2882
7258.91	40.7943
7259.04	39.3915
7259.18	38.073
7259.31	36.8324
7259.58	34.5624
7259.73	33.425
7259.87	32.3632
7260.16	30.4221
7260.46	28.6941
7260.75	27.1486
7261.04	25.7556
7261.33	24.5034
7261.63	23.3694
7261.92	22.3385
7262.19	21.4723
7262.45	20.6742
7262.72	19.9368
7262.99	19.2541
7263.26	18.6205
7263.53	18.0314
7263.79	17.4825
7264.06	16.9701
7264.6	16.0424
7265.13	15.2262
7265.67	14.5041
7266.21	13.8618
7266.74	13.2879
7267.28	12.7728
7267.81	12.3087
7268.35	11.8889
7268.89	11.508
7269.42	11.1612
7269.96	10.8446
7270.49	10.5552
7271.37	10.1308
7272.25	9.75936
7273.12	9.43239
7274	9.1429
7274.88	8.88532
7275.76	8.65507
7276.63	8.44842
7277.51	8.26245
7278.58	8.05887
7279.65	7.87799
7280.72	7.71655
7281.8	7.57184
7283.94	7.32399
7286.08	7.12052
7288.62	6.92354
7291.15	6.76285
7293.68	6.63005
7296.22	6.51883
7298.36	6.43815
7300.5	6.36764
7304.79	6.25095
7309.08	6.15893
7313.36	6.08501
7317.65	6.02467
7321.94	5.97476
7326.23	5.93297
7330.51	5.89758
7337.53	5.85036
7344.55	5.81296
7351.56	5.78274
7358.58	5.75795
7369.49	5.72725
7380.4	5.70341
7395.99	5.67741
7408.46	5.66127
7420.94	5.648
7438.09	5.63312
7455.23	5.62101
7472.38	5.61086
7489.53	5.60213
7506.68	5.59448
7523.83	5.5876
7558.13	5.57557
7592.43	5.56512
7626.72	5.55571
7651.67	5.54932
7689.08	5.54028
7726.5	5.53166
7782.62	5.51936
7838.75	5.50752
7894.87	5.496
7951	5.4847
8000.88	5.47481
8100.66	5.45533
8150.55	5.44575
8200.44	5.43629
8265.91	5.42415
8331.39	5.41245
8364.13	5.40687
8396.87	5.40153
8429.61	5.39656
8462.35	5.39203
8496.65	5.38804
8530.94	5.38515
8565.24	5.38395
8582.39	5.38429
8599.54	5.38545
8616.69	5.38776
8633.84	5.39158
8650.99	5.39745
8668.14	5.40619
8680.61	5.41504
8693.08	5.42679
8705.55	5.44239
8718.02	5.46351
8726.6	5.48239
8735.17	5.50609
8743.75	5.53621
8752.32	5.57507
8758.56	5.61073
8764.79	5.65472
8771.03	5.70956
8777.27	5.77938
8781.55	5.83888
8785.84	5.91062
8790.13	5.99816
8794.41	6.10641
8798.51	6.23546
8802.6	6.39845
8804.65	6.49654
8806.69	6.60833
8808.74	6.73644
8810.78	6.88426
8812.93	7.06516
8815.07	7.27896
8817.22	7.53423
8819.36	7.84201
8820.43	8.02035
8821.5	8.21808
8822.57	8.43814
8823.65	8.68401
8824.72	8.95988
8825.79	9.27082
8826.86	9.62303
8827.93	10.0237
8828.66	10.3299
8829.4	10.6668
8830.13	11.0386
8830.86	11.4498
8831.59	11.9076
8832.32	12.4185
8833.05	12.9911
8833.78	13.635
8834.32	14.1608
8834.85	14.7382
8835.39	15.374
8835.92	16.0764
8836.46	16.8552
8837	17.7218
8837.53	18.6899
8838.07	19.7739
8838.6	20.9977
8838.87	21.6687
8839.14	22.3837
8839.41	23.1465
8839.67	23.9616
8839.94	24.8338
8840.21	25.7683
8840.48	26.7711
8840.75	27.849
8841.02	29.0092
8841.28	30.2602
8841.55	31.6111
8841.82	33.0721
8842.09	34.6548
8842.35	36.3718
8842.62	38.237
8842.89	40.266
8843.16	42.4756
8843.43	44.8843
8843.69	47.512
8843.96	50.3801
8844.23	53.5111
8844.5	56.9153
8844.77	60.6423
8845.03	64.7042
8845.3	69.1247
8845.57	73.9261
8845.84	79.1284
8846.11	84.7477
8846.37	90.7955
8846.64	97.2768
8846.91	104.188
8847.18	111.518
8847.45	119.242
8847.71	127.324
8848.25	144.352
8848.79	162.036
8849.4	182.109
8849.71	191.643
8850.02	200.536
8850.32	208.645
8850.63	215.72
8850.94	221.611
8851.25	226.163
8851.43	228.244
8851.62	229.749
8851.81	230.661
8852	230.971
8852.31	230.189
8852.61	227.835
8852.92	223.974
8853.23	218.731
8853.53	212.213
8853.84	204.604
8854.15	196.091
8854.45	186.905
8854.95	170.875
8855.46	154.334
8855.96	138.008
8856.21	130.094
8856.46	122.465
8856.71	115.19
8856.95	108.266
8857.2	101.687
8857.45	95.4664
8857.69	89.6122
8857.94	84.1246
8858.19	78.9985
8858.43	74.2246
8858.68	69.7901
8858.93	65.6794
8859.18	61.8754
8859.42	58.3598
8859.67	55.1136
8859.92	52.1179
8860.16	49.3541
8860.41	46.8141
8860.66	44.46
8860.9	42.2864
8861.15	40.278
8861.4	38.4207
8861.65	36.7013
8861.89	35.1078
8862.14	33.6294
8862.39	32.2559
8862.63	30.9782
8862.88	29.7882
8863.13	28.6782
8863.37	27.6416
8863.62	26.6722
8863.87	25.7644
8864.11	24.9133
8864.36	24.1142
8864.86	22.6536
8865.35	21.3598
8865.85	20.2063
8866.34	19.1735
8866.83	18.2452
8867.33	17.4077
8867.82	16.6495
8868.32	15.9608
8868.99	15.1188
8869.66	14.3745
8870.34	13.7115
8871.01	13.1199
8871.68	12.5882
8872.36	12.11
8873.03	11.6769
8873.7	11.2846
8874.69	10.7708
8875.68	10.3212
8876.67	9.92492
8877.66	9.57396
8878.64	9.26162
8879.63	8.98243
8880.62	8.73183
8881.61	8.50604
8882.6	8.30186
8883.58	8.11663
8885.56	7.79417
8887.54	7.52414
8889.51	7.29591
8891.31	7.11751
8893.1	6.96201
8894.9	6.82539
8896.7	6.70485
8900.29	6.50262
8903.88	6.34075
8907.83	6.19726
8911.79	6.08102
8915.74	5.98549
8919.69	5.90598
8925.08	5.81732
8930.47	5.74607
8935.86	5.68774
8941.25	5.63929
8949.15	5.58181
8957.06	5.53632
8964.96	5.49959
8972.86	5.46941
8983.64	5.43609
8994.42	5.40947
9005.2	5.38764
9015.98	5.36942
9036.09	5.34232
9056.21	5.32137
9076.33	5.30448
9096.45	5.29039
9125.19	5.27353
9153.94	5.25922
9176.93	5.24905
9199.92	5.2397
9222.92	5.23095
9245.91	5.22267
9274.65	5.21283
9303.39	5.20338
9360.88	5.18527
9389.62	5.1765
9418.36	5.16785
9447.1	5.15925
9475.84	5.15068
9498.84	5.14384
9515.36	5.13891
9523.63	5.13645
9531.89	5.13397
9540.16	5.1315
9544.29	5.13026
9548.42	5.12903
9552.55	5.1278
9556.68	5.12659
9560.81	5.12541
9562.88	5.12484
9564.94	5.12429
9566.92	5.1238
9568.9	5.12334
9570.87	5.12295
9572.85	5.12267
9573.84	5.12259
9574.83	5.12257
9575.81	5.12263
9576.8	5.12279
9577.79	5.1231
9578.78	5.12363
9579.77	5.12454
9580.26	5.12522
9580.75	5.12615
9581.13	5.12713
9581.52	5.12846
9581.9	5.13031
9582.28	5.13296
9582.66	5.13683
9582.85	5.13941
9583.04	5.14255
9583.24	5.14636
9583.43	5.15101
9583.62	5.15664
9583.81	5.16344
9584	5.17169
9584.19	5.18163
9584.38	5.19355
9584.57	5.20779
9584.76	5.22471
9584.95	5.2447
9585.14	5.26821
9585.33	5.29552
9585.52	5.32739
9585.72	5.36415
9585.91	5.40628
9586.1	5.45422
9586.29	5.5084
9586.48	5.56916
9586.67	5.6368
9586.86	5.7111
9587.18	5.84984
9587.49	6.00694
9587.8	6.18114
9588.12	6.36945
9588.43	6.5681
9588.75	6.77014
9589.06	6.96936
9589.38	7.15822
9589.6	7.28277
9589.82	7.39511
9590.05	7.49256
9590.27	7.57239
9590.48	7.62801
9590.68	7.6669
9590.93	7.69076
9591	7.69242
9591.01	7.69249
9591.04	7.69242
9591.06	7.69208
9591.11	7.69056
9591.21	7.68421
9591.35	7.66825
9591.49	7.6443
9591.66	7.60236
9591.84	7.54831
9592.01	7.48301
9592.19	7.40791
9592.44	7.28455
9592.68	7.14682
9592.78	7.0888
9593.18	6.84179
9593.58	6.5864
9593.98	6.33749
9594.38	6.10574
9594.58	5.99864
9594.78	5.89902
9594.98	5.80633
9595.18	5.72132
9595.38	5.64403
9595.58	5.57472
9595.78	5.51243
9595.98	5.45747
9596.18	5.40885
9596.38	5.36658
9596.62	5.32333
9596.85	5.28731
9597.09	5.25744
9597.33	5.23287
9597.56	5.21281
9597.8	5.19653
9598.04	5.1834
9598.27	5.17284
9598.51	5.16438
9598.75	5.1576
9598.99	5.15216
9599.22	5.14778
9599.46	5.14424
9599.7	5.14136
9599.93	5.13898
9600.17	5.137
9600.65	5.13391
9601.12	5.13159
9601.59	5.12976
9602.07	5.12825
9603.01	5.12587
9603.96	5.124
9605.36	5.12185
9606.76	5.12016
9608.16	5.11876
9609.55	5.11757
9610.95	5.11653
9612.35	5.11561
9613.75	5.11477
9615.14	5.114
9617.94	5.1126
9620.73	5.11134
9623.53	5.11018
9626.32	5.10908
9630.51	5.10752
9634.7	5.10603
9638.9	5.1046
9643.09	5.1032
9651.47	5.10048
9659.86	5.09783
9668.24	5.09521
9676.62	5.09261
9693.39	5.08746
9712.56	5.08161
9731.72	5.07577
9770.04	5.06404
9808.37	5.05227
9846.7	5.04038
9923.35	5.01621
10000	4.99146
10138.4	4.94503
10276.9	4.89605
10553.7	4.78881
10744	4.70622
10934.4	4.61479
11124.7	4.51256
11315	4.39697
11462.1	4.29595
11609.2	4.18251
11756.3	4.05418
11903.4	3.90644
12015.8	3.77709
12072.1	3.70601
12100.2	3.66863
12128.3	3.63001
12142.4	3.61017
12149.4	3.60015
12156.4	3.59002
12163.4	3.57981
12170.5	3.56953
12174	3.56436
12177.5	3.55919
12181	3.55401
12184.5	3.54885
12186.8	3.54548
12189.1	3.54214
12191.4	3.53883
12193.7	3.5356
12196	3.53247
12197.2	3.53097
12198.3	3.52953
12199.5	3.52818
12200.6	3.52696
12201.8	3.52595
12202.4	3.52556
12202.9	3.5253
12203.4	3.52521
12203.9	3.52532
12204.3	3.52571
12204.8	3.52655
12205.3	3.52815
12205.5	3.52936
12205.8	3.53087
12206	3.5329
12206.2	3.53538
12206.5	3.53868
12206.7	3.54265
12206.9	3.54785
12207.2	3.55435
12207.4	3.56242
12207.7	3.5719
12207.9	3.58394
12208.1	3.5979
12208.4	3.61538
12208.6	3.63531
12208.8	3.65988
12209.1	3.68875
12209.3	3.72238
12209.5	3.75947
12210	3.85146
12210.5	3.96677
12210.8	4.06196
12211.1	4.16496
12211.5	4.27739
12211.8	4.39752
12212.4	4.65072
12212.7	4.77727
12213.1	4.89871
12213.4	5.00093
12213.6	5.09258
12213.9	5.17078
12214.2	5.23115
12214.5	5.2722
12214.7	5.29697
12215	5.30678
12215.3	5.29804
12215.5	5.27666
12215.7	5.24296
12216	5.18634
12216.3	5.1171
12216.5	5.03548
12216.8	4.9437
12217	4.8929
12217.4	4.73932
12217.6	4.62761
12218.1	4.42444
12218.7	4.23264
12218.9	4.14245
12219.2	4.06169
12219.4	3.98446
12219.7	3.91698
12219.9	3.85394
12220.2	3.80009
12220.5	3.75086
12220.7	3.70967
12221	3.67275
12221.2	3.64245
12221.5	3.61577
12221.7	3.59423
12222	3.57237
12222.3	3.55503
12222.6	3.54137
12222.9	3.531
12223.3	3.52261
12223.6	3.51607
12223.9	3.51097
12224.2	3.50706
12224.5	3.50385
12224.8	3.50125
12225.1	3.49911
12225.4	3.49737
12226	3.49451
12226.6	3.49222
12227.2	3.49023
12227.9	3.48848
12229.1	3.48537
12230.3	3.48254
12231.5	3.47994
12232.6	3.47773
12234	3.47507
12235.4	3.47251
12236.7	3.47002
12238.1	3.46757
12240.8	3.46276
12243.5	3.45806
12246.2	3.45339
12249	3.44877
12254.4	3.43955
12259.9	3.43035
12265.3	3.42112
12276.2	3.40256
12289.3	3.37997
12302.4	3.35702
12328.5	3.30984
12369.9	3.23133
12411.3	3.1477
12452.7	3.05837
12494.1	2.96277
12542.1	2.84299
12590	2.71237
12637.9	2.56939
12685.9	2.41213
12733.8	2.23817
12757.8	2.14434
12781.8	2.0452
12805.7	1.94088
12829.7	1.83047
12853.7	1.71382
12877.6	1.59083
12906	1.43603
12920.1	1.35527
12934.3	1.27167
12948.5	1.18549
12962.6	1.09684
12976.8	1.0058
12991	0.912542
13013.9	0.757779
13036.7	0.599971
13059.6	0.442514
13071.1	0.365681
13076.8	0.328127
13082.5	0.291341
13088.5	0.253916
13094.5	0.21792
13100.5	0.183578
13103.5	0.167103
13106.5	0.151227
13109.5	0.135892
13112.5	0.121208
13115.5	0.107234
13118.5	0.0940743
13121.4	0.08171
13124.4	0.0702946
13127.4	0.0598151
13130.4	0.0503983
13132.8	0.0438801
13135.1	0.0381302
13137.4	0.033189
13139.7	0.0291113
13142	0.0259115
13144.3	0.0236708
13146.6	0.0224263
13147.8	0.0222038
13149	0.0222603
13150.3	0.0226705
13151.5	0.0234541
13152.9	0.0246344
13154.1	0.026203
13155.4	0.0281955
13156.7	0.0305947
13159.3	0.0367178
13161.9	0.0447535
13164.5	0.0548209
13167.1	0.0670673
13169.7	0.0815901
13172.7	0.101618
13174.2	0.112982
13175.7	0.125212
13177.1	0.13851
13178.6	0.152841
13180.1	0.168247
13181.6	0.18466
13183.1	0.202348
13184.6	0.221254
13186.1	0.24143
13187.6	0.262783
13189.1	0.285656
13190.6	0.309969
13192.1	0.335786
13193.6	0.362984
13195.1	0.391996
13196.6	0.422716
13198.1	0.45522
13199.6	0.489586
13201.1	0.525897
13202.6	0.56424
13204.1	0.604706
13205.6	0.647099
13207.1	0.692086
13208.6	0.739497
13210.1	0.789442
13211.6	0.842038
13213.1	0.897407
13214.6	0.955677
13216.1	1.01698
13217.6	1.08103
13219.1	1.14882
13220.6	1.2201
13222.1	1.29503
13223.6	1.37379
13225.1	1.45656
13226.6	1.54354
13228.1	1.63493
13229.6	1.7303
13231.1	1.83115
13232.6	1.9371
13234.1	2.0484
13235.6	2.16454
13237.1	2.28734
13238.6	2.41636
13240.1	2.55191
13241.6	2.69336
13243.1	2.84297
13244.6	3.00019
13246.1	3.16542
13247.6	3.33791
13249.1	3.52043
13250.6	3.71232
13252.1	3.9141
13253.5	4.12487
13255.1	4.34802
13256.6	4.5828
13258.1	4.82986
13259.5	5.08813
13261	5.36181
13262.5	5.65
13264	5.95355
13265.5	6.27117
13267	6.60809
13268.5	6.96325
13270	7.33775
13271.5	7.73276
13273	8.14955
13274.5	8.58945
13276	9.05391
13277.5	9.5411
13279	10.0592
13280.5	10.6068
13282	11.1858
13283.5	11.7982
13285	12.4462
13286.5	13.1322
13288	13.8586
13289.5	14.6229
13291	15.4382
13292.5	16.3026
13294	17.2195
13295.5	18.1858
13297	19.2183
13298.5	20.3149
13300	21.48
13301.5	22.7097
13303	24.0258
13304.5	25.4258
13306	26.9153
13307.5	28.4899
13309	30.1774
13310.5	31.9745
13312	33.8887
13313.5	35.9137
13315.6	39.1145
13317.8	42.6228
13318.9	44.5025
13320	46.472
13321.1	48.5359
13322.2	50.6984
13323.3	52.9637
13324.4	55.3351
13326.5	60.4099
13328.7	65.9502
13330.9	71.9567
13332.4	76.318
13333.8	80.923
13335.3	85.7754
13336.8	90.8411
13338.2	96.1873
13339.7	101.736
13342.6	113.54
13345.6	126.104
13348.5	139.17
13351.4	152.364
13354.3	165.191
13357	176.07
13358.4	181.049
13359.7	185.66
13361	189.849
13362.3	193.567
13363.7	196.771
13365	199.428
13366.6	201.864
13368.2	203.446
13369.8	204.17
13371.4	204.054
13373.1	203.016
13374.9	201.109
13376.6	198.412
13378.3	195.022
13380.1	191.037
13381.8	186.565
13385.2	176.603
13388.7	165.87
13392.2	154.96
13395.6	144.258
13399.1	134.046
13401.5	127.477
13403.8	121.238
13406.1	115.342
13408.5	109.789
13410.9	104.574
13413.2	99.6847
13415.5	95.1079
13417.9	90.8446
13420.2	86.8411
13422.6	83.0987
13424.9	79.5999
13427.3	76.3412
13429.6	73.2787
13432	70.4114
13434.3	67.7252
13436.7	65.218
13440.9	61.0371
13445.2	57.2971
13449.5	53.9385
13453.7	50.924
13458	48.1972
13462.3	45.729
13466.6	43.488
13470.8	41.4518
13475.5	39.4088
13480.2	37.5575
13484.9	35.8672
13489.6	34.326
13494.3	32.9105
13499	31.6124
13503.7	30.4162
13508.4	29.3111
13513.5	28.1958
13518.6	27.1695
13523.7	26.221
13528.9	25.3421
13534	24.5244
13539.1	23.7653
13549.3	22.3993
13558.7	21.2921
13568.1	20.3051
13577.5	19.4207
13586.9	18.6253
13596.3	17.9048
13605.7	17.2504
13615.1	16.6536
13624.4	16.1078
13633.8	15.6061
13643.2	15.1438
13652.6	14.7165
13662	14.3207
13680.8	13.6104
13699.5	12.9919
13714.9	12.5418
13730.3	12.1369
13745.6	11.7674
13761	11.4302
13776.4	11.1208
13791.7	10.8363
13822.5	10.331
13841.2	10.0582
13860	9.8073
13897.6	9.3635
13935.1	8.98174
13972.7	8.6498
14000	8.43402
14027.3	8.23655
14081.9	7.88735
14136.6	7.58657
14191.2	7.32391
14266.3	7.01104
14341.4	6.74044
14416.5	6.50175
14491.6	6.28774
14587.2	6.04323
14682.8	5.82065
14778.4	5.61408
14874	5.41913
15024.2	5.12783
15174.4	4.84432
15324.7	4.55945
15474.9	4.26507
15604.6	3.99632
15734.4	3.70899
15799.2	3.55656
15864.1	3.3966
15929	3.22891
15993.8	3.05223
16068.9	2.83476
16144	2.60222
16219.2	2.35299
16256.7	2.22146
16294.3	2.08543
16331.8	1.94407
16369.4	1.79802
16406.9	1.64696
16444.5	1.49086
16482.1	1.33046
16519.6	1.16594
16594.7	0.829293
16628.9	0.676014
16663	0.525724
16680.1	0.45283
16697.1	0.382173
16705.7	0.347808
16714.2	0.314386
16722.7	0.281717
16731.3	0.250292
16740.2	0.218565
16744.7	0.203277
16749.2	0.188395
16753.7	0.173944
16758.2	0.15995
16762.6	0.146449
16767.1	0.133465
16771.6	0.121009
16776.1	0.109175
16780.6	0.0979695
16785	0.0874378
16789.5	0.0776313
16794	0.0685894
16798.5	0.0603375
16803	0.0529467
16809	0.0446763
16814.9	0.0383515
16820.9	0.0341888
16823.9	0.03302
16826.9	0.0325238
16831.1	0.033093
16835.4	0.0353622
16839.7	0.0396085
16843.9	0.0461908
16848.2	0.0556753
16850.3	0.0617488
16852.5	0.0688313
16854.6	0.0771423
16856.8	0.0868053
16858.9	0.0981466
16861	0.111564
16863	0.126747
16865.1	0.144852
16867.1	0.166675
16869.1	0.193205
16870.1	0.208916
16871.2	0.226349
16872.2	0.246198
16873.2	0.268505
16874.2	0.294276
16875.2	0.323723
16876.2	0.358024
16877.2	0.39843
16878.2	0.444054
16879.1	0.498808
16880.1	0.565688
16880.6	0.605016
16881.1	0.649276
16881.5	0.699499
16882	0.757038
16882.5	0.823702
16883	0.901929
16883.5	0.995036
16884	1.10755
16884.4	1.24562
16884.7	1.32674
16884.9	1.41757
16885.2	1.52866
16885.4	1.6499
16885.7	1.7934
16885.9	1.95077
16886.2	2.13774
16886.4	2.34328
16886.7	2.57778
16886.9	2.84526
16887.2	3.16315
16887.4	3.51194
16887.7	3.9251
16888	4.37643
16888.1	4.63396
16888.2	4.90817
16888.3	5.19987
16888.5	5.48535
16888.6	5.81295
16888.7	6.13294
16888.9	6.49939
16889	6.85656
16889.1	7.32945
16889.3	7.8327
16889.4	8.3673
16889.6	8.89534
16889.7	9.49299
16889.9	10.0811
16890	10.7443
16890.1	11.3944
16890.3	12.1244
16890.4	12.8891
16890.6	13.6883
16890.7	14.4648
16891	16.1651
16891.3	17.9821
16891.7	20.3136
16892	22.7697
16892.7	27.8242
16893.2	31.3416
16893.7	34.6878
16894	36.5582
16894.2	38.2711
16894.5	39.841
16894.8	41.1309
16895.2	42.2613
16895.3	42.702
16895.5	43.0556
16895.7	43.4483
16896	43.5785
16896.3	43.4443
16896.5	43.0479
16896.7	42.6159
16896.9	42.0942
16897.1	41.4676
16897.3	40.7415
16897.5	39.8738
16897.7	38.9628
16898	36.9118
16898.4	34.5422
16898.7	32.0518
16899.9	23.369
16900.3	20.7632
16900.7	18.3554
16900.8	17.1467
16901	16.0457
16901.2	14.9902
16901.4	13.9819
16901.6	12.9703
16901.8	12.0628
16901.9	11.2051
16902.1	10.397
16902.3	9.5973
16902.5	8.88924
16902.7	8.22822
16902.9	7.61279
16903	7.01082
16903.2	6.48375
16903.4	5.99676
16903.6	5.54779
16903.8	5.11279
16904	4.73533
16904.1	4.38938
16904.3	4.07283
16904.5	3.79899
16904.7	3.54781
16904.8	3.31765
16905	3.11882
16905.2	2.92501
16905.3	2.75777
16905.5	2.59489
16905.6	2.45441
16905.8	2.31763
16906	2.1926
16906.3	1.9796
16906.6	1.80019
16907	1.64858
16907.3	1.51632
16907.6	1.40706
16908	1.31326
16908.3	1.23223
16908.6	1.16175
16909	1.10003
16909.3	1.04562
16909.6	0.997359
16910.2	0.922387
16910.8	0.860411
16911.4	0.808449
16912	0.765065
16912.6	0.727271
16913.2	0.694711
16913.8	0.666508
16914.4	0.642359
16915.6	0.602148
16916.8	0.57156
16918	0.54789
16919.2	0.530004
16920.5	0.51524
16921.8	0.5049
16923.2	0.498131
16924.5	0.494309
16925.8	0.49289
16927.1	0.493541
16928.5	0.495974
16929.8	0.49993
16932.5	0.511876
16935.1	0.528208
16937.8	0.548314
16940.4	0.571542
16943.1	0.597621
16945.7	0.626321
16949.6	0.672422
16951.5	0.697534
16952.5	0.710655
16953.4	0.724449
16954.4	0.73962
16954.9	0.747921
16955.4	0.757043
16955.8	0.76731
16956.3	0.779144
16956.8	0.793075
16957.3	0.809739
16957.8	0.829862
16958.2	0.854218
16958.7	0.883568
16959.2	0.918572
16959.7	0.959681
16960.2	1.00701
16960.6	1.06025
16961.1	1.11852
16962.4	1.2832
16963	1.3617
16963.6	1.4292
16964.1	1.4666
16964.5	1.49357
16964.9	1.50952
16965	1.51169
16965	1.51269
16965.2	1.51512
16965.4	1.51542
16965.8	1.51025
16966.1	1.498
16966.5	1.47941
16967.3	1.42369
16968	1.35553
16968.8	1.28398
16969.5	1.21979
16970.1	1.18153
16970.6	1.1504
16971.1	1.12663
16971.6	1.11014
16972.2	1.09959
16972.4	1.09634
16972.7	1.0944
16973	1.09349
16973.2	1.09357
16973.8	1.09607
16974.3	1.10117
16974.8	1.10816
16975.3	1.1165
16975.9	1.12562
16976.9	1.14602
16978	1.16765
16980.1	1.21341
16982.2	1.26136
16986.4	1.36276
16991.5	1.4948
16996.5	1.63741
17001.6	1.79152
17006.7	1.9579
17011.7	2.13736
17016.8	2.3308
17021.8	2.53919
17026.9	2.7636
17032.2	3.01759
17037.5	3.29143
17042.8	3.58773
17048.1	3.90711
17053.4	4.25265
17058.7	4.62512
17064	5.02737
17069.3	5.46183
17074.6	5.9321
17079.9	6.43932
17085.2	6.98751
17090.5	7.58016
17095.8	8.22231
17101.1	8.91569
17106.4	9.66604
17111.7	10.4783
17117.1	11.3597
17122.4	12.3128
17127.7	13.3457
17133	14.4655
17138.3	15.6823
17143.6	17.0001
17148.9	18.4302
17154.2	19.9827
17159.5	21.6716
17164.8	23.5023
17170.1	25.4904
17175.4	27.6494
17180.7	29.9982
17186	32.5432
17191.3	35.3043
17196.6	38.2978
17202.5	41.9109
17208.3	45.8452
17214.2	50.1336
17220.1	54.7862
17226	59.8484
17231.8	65.2862
17237.7	71.1105
17243.6	77.3209
17247.9	82.1492
17252.2	87.1627
17260.9	97.6608
17269.6	108.582
17278.3	119.586
17287	130.235
17291.3	135.269
17295.6	140.022
17300	144.431
17304.3	148.432
17308.7	151.972
17313	155.001
17317.7	157.695
17322.5	159.71
17327.2	161.042
17331.9	161.689
17336.7	161.676
17341.4	161.039
17346.2	159.826
17350.9	158.096
17355.6	155.905
17360.3	153.328
17369.8	147.251
17379.3	140.323
17388.8	133.029
17398.2	125.636
17407.7	118.375
17416.6	111.769
17425.6	105.498
17434.5	99.6064
17443.5	94.1158
17452.4	89.0125
17461.4	84.2911
17470.3	79.9319
17479.3	75.9157
17488.2	72.1974
17497.2	68.7739
17506.2	65.6131
17515.2	62.6992
17524.1	60.0038
17533.1	57.5133
17542.1	55.2063
17551.1	53.0661
17560	51.076
17569	49.2266
17578	47.5034
17587	45.8956
17595.9	44.3913
17604.9	42.9853
17622.8	40.4307
17639.2	38.3749
17655.5	36.5255
17671.8	34.8555
17688.1	33.3462
17704.4	31.978
17720.7	30.7325
17737.1	29.5914
17753.4	28.5459
17771.3	27.4944
17789.3	26.5307
17807.2	25.6462
17825.2	24.8338
17843.1	24.0817
17861	23.3871
17896.9	22.1419
17918.2	21.4856
17939.4	20.8792
17960.6	20.318
17981.8	19.7978
18024.2	18.8659
18066.6	18.0463
18102.5	17.4347
18138.4	16.8804
18174.3	16.378
18210.2	15.9229
18246.1	15.5045
18282	15.1225
18353.8	14.4449
18425.5	13.8653
18497.3	13.363
18569.1	12.9232
18640.9	12.5356
18706.2	12.2216
18771.4	11.9375
18849.7	11.6316
18888.9	11.4911
18928	11.3581
18954.1	11.2734
18967.2	11.2322
18980.2	11.1918
18993.3	11.1521
18999.8	11.1326
19006.4	11.1134
19012.9	11.0944
19019.4	11.0757
19025.9	11.0574
19032.5	11.0396
19036.3	11.0293
19040.2	11.0194
19044.1	11.0099
19048	11.001
19051.8	10.993
19053.8	10.9895
19055.7	10.9865
19057.6	10.984
19059.6	10.9823
19061.5	10.9818
19063.5	10.9828
19065.1	10.9855
19066.7	10.9907
19068.4	10.9996
19069.2	11.0064
19070	11.0154
19070.8	11.0281
19071.6	11.0465
19072	11.0593
19072.4	11.0754
19072.8	11.0961
19073.2	11.1222
19073.7	11.157
19074.1	11.2028
19074.5	11.2629
19074.9	11.3399
19075.3	11.4428
19075.7	11.5769
19076.1	11.75
19076.5	11.9652
19076.8	12.1767
19077.1	12.4287
19077.5	12.7266
19077.8	13.0757
19078.1	13.4809
19078.4	13.9469
19078.7	14.4773
19079	15.0552
19079.4	15.719
19079.7	16.4508
19080	17.248
19080.3	18.1058
19080.7	19.0171
19081	19.972
19081.6	21.9298
19082	23.3054
19082.5	24.6038
19082.7	25.2348
19082.9	25.808
19083.1	26.3719
19083.3	26.8694
19083.5	27.3014
19083.7	27.6702
19083.9	27.995
19084.1	28.273
19084.3	28.5122
19084.5	28.6941
19084.8	28.8527
19085	28.888
19085.3	28.8385
19085.5	28.6787
19085.7	28.491
19085.9	28.2599
19086.1	27.9796
19086.3	27.6708
19086.5	27.3227
19086.7	26.9379
19086.9	26.3732
19087.1	25.7831
19087.4	25.1242
19087.6	24.4591
19088.1	23.0294
19088.5	21.5567
19088.8	20.5899
19089.1	19.6441
19089.5	18.7319
19089.8	17.8636
19090.1	17.0473
19090.4	16.2892
19090.7	15.5929
19091	14.9798
19091.3	14.409
19091.6	13.9008
19091.9	13.4527
19092.2	13.0729
19092.5	12.732
19092.9	12.4392
19093.2	12.1896
19093.5	11.9847
19093.8	11.7751
19094.2	11.6104
19094.5	11.4778
19094.9	11.3717
19095.3	11.2851
19095.6	11.2182
19096	11.1651
19096.4	11.1228
19096.7	11.0881
19097.1	11.0609
19097.4	11.0388
19097.8	11.0205
19098.5	10.9924
19099.2	10.9716
19099.8	10.9583
19100.4	10.947
19101.6	10.9287
19102.7	10.9142
19103.9	10.9022
19105	10.8918
19106.2	10.8828
19108.2	10.8692
19110.3	10.8576
19112.3	10.8475
19114.3	10.8384
19116.3	10.83
19118.4	10.8222
19122.4	10.8079
19127.1	10.7929
19131.7	10.7788
19136.3	10.7653
19141	10.7524
19145.6	10.7397
19150.2	10.7274
19159.5	10.7034
19168.8	10.68
19178	10.6571
19187.3	10.6346
19196.6	10.6125
19212.8	10.5746
19229	10.5378
19261.5	10.4669
19287	10.4136
19312.5	10.3628
19338	10.3143
19363.4	10.2686
19386.6	10.2297
19409.8	10.1939
19433	10.162
19456.1	10.1352
19472.4	10.1205
19488.6	10.1101
19504.8	10.1058
19521	10.1098
19533.2	10.1205
19545.4	10.1404
19557.5	10.1732
19569.7	10.2242
19576.1	10.2612
19582.4	10.3077
19588.8	10.3662
19595.2	10.4404
19601.6	10.5352
19607.9	10.6576
19614.3	10.8186
19620.7	11.0333
19624.2	11.1817
19627.6	11.3589
19631.1	11.5738
19634.6	11.8356
19637.8	12.1304
19641	12.4933
19644.1	12.9461
19645.7	13.2146
19647.3	13.5183
19648.6	13.7834
19649.8	14.0747
19651	14.3982
19652.3	14.7589
19653.5	15.1625
19654.7	15.6161
19655.9	16.1283
19657.2	16.7093
19658	17.1301
19658.8	17.5895
19659.6	18.0923
19660.4	18.6366
19661.2	19.2427
19662	19.9024
19662.8	20.6411
19663.5	21.4501
19664.4	22.3615
19665.1	23.3794
19666	24.5201
19666.7	25.786
19667.5	27.2313
19668.3	28.8459
19669.1	30.7013
19669.5	31.7231
19669.9	32.786
19670.6	34.7486
19671.2	36.9046
19671.9	39.3084
19672.5	41.988
19673.2	44.9716
19673.8	48.2864
19674.5	51.9568
19675.1	56.0018
19675.5	58.6821
19675.9	61.5087
19676.3	64.4796
19676.7	67.5904
19677.5	74.2004
19678.3	81.1516
19679.6	92.8121
19680.2	98.6697
19680.9	104.236
19681.5	109.525
19682.1	114.208
19682.8	118.268
19683.4	121.433
19683.8	122.958
19684.2	124.076
19684.6	124.772
19685	125.032
19685.3	124.916
19685.6	124.52
19686	123.823
19686.3	122.876
19686.6	121.628
19687	120.17
19687.6	116.516
19688.2	112.06
19688.9	106.969
19689.5	101.42
19690.2	95.5894
19691.1	87.2589
19692	79.1617
19692.9	71.4025
19693.4	67.7857
19693.8	64.3357
19694.2	61.2745
19694.7	58.4383
19695.1	55.69
19695.5	53.1597
19695.9	50.7212
19696.3	48.4863
19696.7	46.3405
19697.1	44.3799
19697.5	42.5885
19697.9	40.9513
19698.3	39.3778
19698.7	37.9407
19699.1	36.56
19699.5	35.299
19699.9	34.087
19700.3	32.9793
19700.7	31.9139
19701.1	30.9391
19701.9	29.1405
19702.7	27.5504
19703.5	26.1403
19704.3	24.8258
19705.1	23.6589
19706	22.6191
19706.8	21.6892
19707.6	20.8548
19708.4	20.1034
19709.3	19.4246
19710.1	18.8165
19710.9	18.2568
19711.8	17.7467
19712.6	17.2806
19713.4	16.8536
19715.1	16.1004
19716.7	15.4594
19718.4	14.9095
19720	14.4339
19721.7	14.0197
19723.4	13.6589
19725	13.3389
19726.7	13.0571
19728.3	12.8047
19730	12.5803
19733.3	12.1949
19736.6	11.8795
19739.9	11.618
19743.2	11.3991
19748.4	11.1237
19753.5	10.9053
19758.6	10.7286
19763.7	10.5834
19770.4	10.4302
19777	10.3067
19783.6	10.2052
19790.3	10.1203
19799.3	10.0247
19808.3	9.94662
19817.4	9.8813
19826.4	9.82566
19839.7	9.75719
19852.9	9.70022
19866.2	9.65161
19879.5	9.60923
19902.4	9.54672
19925.3	9.49355
19948.2	9.4469
19971.1	9.40496
20000	9.35693
20034.8	9.30451
20069.5	9.25631
20104.2	9.21131
20139	9.16883
20180.1	9.12128
20221.1	9.07612
20303.3	8.99155
20372.8	8.92492
20442.2	8.86205
20511.8	8.80242
20581.2	8.74571
20701.3	8.65386
20821.3	8.56873
20941.4	8.48943
21061.4	8.41524
21250.9	8.30749
21440.4	8.20964
21630	8.11992
21819.5	8.03747
22097.5	7.92799
22375.5	7.82967
22931.4	7.6597
23436.8	7.52926
23942.2	7.41597
24472.9	7.31136
24738.3	7.2635
25003.6	7.21822
25142.6	7.19548
25281.6	7.17337
25420.6	7.15189
25559.6	7.13109
25635.4	7.12007
25711.2	7.10929
25812.3	7.09543
25862.8	7.08878
25913.4	7.08236
25963.9	7.07626
26014.4	7.07057
26065	7.06549
26115.5	7.06129
26159.8	7.05876
26204	7.05787
26226.1	7.05841
26248.2	7.05989
26270.3	7.06266
26292.4	7.06726
26314.5	7.07459
26336.6	7.08595
26347.7	7.09399
26358.8	7.10422
26369.8	7.11742
26380.9	7.13471
26391.9	7.15797
26403	7.19001
26408.5	7.21105
26414	7.23685
26419.6	7.26904
26425.1	7.31014
26430.2	7.36005
26435.3	7.42704
26437.9	7.47024
26440.5	7.52241
26443	7.58726
26445.6	7.66945
26448.4	7.7884
26449.8	7.86516
26451.1	7.95926
26452.5	8.07966
26453.9	8.23972
26454.6	8.34352
26455.3	8.47107
26456	8.63172
26456.7	8.83887
26457.3	9.09337
26457.6	9.2462
26458	9.42124
26458.3	9.62197
26458.6	9.85232
26458.9	10.1166
26459.2	10.4196
26459.6	10.778
26459.9	11.1758
26460.2	11.6288
26460.5	12.143
26460.9	12.7244
26461.2	13.3788
26461.5	14.112
26461.8	14.929
26462.2	15.9839
26462.6	17.1621
26462.9	18.4665
26463.3	19.8973
26463.7	21.4514
26464	23.122
26464.4	24.8979
26464.8	26.7636
26465.2	29.2312
26465.7	31.7601
26466.2	34.2888
26466.7	36.7476
26467.2	39.389
26467.5	40.6015
26467.7	41.7227
26468.1	42.9494
26468.4	43.9675
26468.7	44.6813
26468.9	45.2334
26469.2	45.6584
26469.4	45.9194
26469.7	46.0309
26470	45.9911
26470	45.9716
26470.1	45.8832
26470.3	45.7572
26470.5	45.3937
26470.7	44.9937
26470.9	44.5018
26471.3	43.3899
26471.7	42.1328
26472	40.678
26472.5	38.5137
26472.9	36.1818
26473.7	31.8993
26474.5	27.5349
26474.8	25.4962
26475.2	23.5845
26475.6	21.7149
26475.9	20.0045
26476.3	18.3705
26476.7	16.9089
26476.8	16.1898
26477	15.5423
26477.2	14.9273
26477.4	14.3448
26477.6	13.7943
26477.7	13.3033
26477.9	12.8134
26478.1	12.3782
26478.3	11.9458
26478.4	11.5634
26478.6	11.185
26478.8	10.8516
26479	10.5231
26479.1	10.2347
26479.5	9.70412
26479.8	9.25109
26480.2	8.87712
26480.5	8.55211
26480.9	8.28018
26481.2	8.05408
26481.6	7.86719
26481.9	7.71359
26482.3	7.58803
26482.6	7.48593
26483	7.40543
26483.6	7.29465
26484.2	7.22088
26484.9	7.17275
26485.5	7.14265
26486.7	7.1142
26488	7.11051
26489.2	7.11995
26490.5	7.1372
26493	7.18665
26496.9	7.29226
26500.8	7.43008
26504.7	7.60943
26506.7	7.72016
26508.6	7.84933
26511.3	8.06306
26512.6	8.19145
26513.9	8.33642
26515.2	8.50374
26516.6	8.69536
26517.9	8.92001
26519.2	9.18181
26520.8	9.54949
26521.5	9.7646
26522.3	10.0018
26523	10.2715
26523.8	10.5718
26524.6	10.9171
26525.3	11.3063
26526.1	11.7409
26526.8	12.2347
26527.5	12.8075
26527.9	13.1335
26528.3	13.4773
26528.6	13.861
26529	14.2673
26529.4	14.7228
26529.7	15.2072
26530.1	15.7526
26530.5	16.335
26530.8	16.9932
26531.2	17.6985
26531.6	18.5435
26532	19.4575
26532.3	20.5
26532.7	21.6294
26533.1	22.9183
26533.5	24.3141
26533.9	25.8621
26534.3	27.5765
26534.7	29.5242
26535	31.6197
26535.4	33.9874
26535.8	36.5182
26536.2	39.3559
26536.6	42.363
26537	45.6132
26537.3	49.1068
26537.6	52.034
26537.9	55.1057
26538.2	58.3149
26538.5	61.5392
26539.1	68.4217
26539.7	75.6331
26540.5	85.2697
26541.2	94.625
26541.7	100.341
26542.2	105.54
26542.7	110.299
26543.2	114.298
26543.6	117.409
26544.1	119.73
26544.5	121.201
26545	121.776
26545.1	121.787
26545.4	121.574
26545.7	121.004
26546	120.083
26546.2	118.87
26546.5	117.294
26546.8	115.408
26547.1	113.234
26547.4	110.882
26547.8	106.942
26548.2	102.688
26548.6	98.1126
26549.1	93.2994
26550.6	74.6872
26551.2	66.847
26551.6	63.09
26551.9	59.469
26552.2	55.9996
26552.6	52.6936
26552.9	49.5593
26553.2	46.6889
26553.6	43.4992
26554	40.5462
26554.3	37.8254
26554.7	35.3293
26555.1	33.0479
26555.5	30.9694
26555.9	29.0808
26556.2	27.4114
26556.6	25.8574
26557	24.4523
26557.4	23.1827
26557.8	22.0358
26558.1	20.9994
26558.5	20.0624
26558.9	19.2143
26559.3	18.4457
26559.6	17.7656
26560	17.1616
26560.4	16.6086
26560.7	16.1013
26561.1	15.6226
26561.5	15.1942
26562.2	14.4329
26562.9	13.7705
26563.6	13.2053
26564.3	12.7122
26565.1	12.279
26565.8	11.876
26566.6	11.5198
26567.3	11.2032
26568.1	10.9204
26568.9	10.6664
26569.6	10.4374
26571.1	10.0417
26572.4	9.76719
26573.6	9.53124
26574.9	9.32518
26576.1	9.14403
26578.6	8.84032
26581.1	8.59905
26584.4	8.34511
26587.7	8.14868
26591	7.99296
26594.3	7.86724
26597.4	7.77176
26600.4	7.69142
26606.5	7.56391
26612.5	7.46833
26618.6	7.39468
26623.6	7.34622
26628.5	7.30588
26638.5	7.24265
26648.4	7.19578
26658.4	7.15999
26666.7	7.13615
26674.9	7.1164
26683.2	7.09978
26691.5	7.08572
26708.1	7.06291
26724.6	7.04532
26733.5	7.03748
26755.5	7.02131
26777.6	7.00864
26795.3	7.00024
26813	6.99294
26841.7	6.98287
26870.4	6.97433
26899.1	6.9669
26927.8	6.96026
26956.5	6.9542
26985.2	6.94865
27042.6	6.93836
27095.6	6.9297
27148.6	6.92153
27201.6	6.91376
27254.6	6.90624
27351.8	6.893
27449	6.8802
27546.1	6.86772
27643.3	6.8555
27740.5	6.84344
27837.6	6.83155
28032	6.80809
28120.3	6.79755
28208.6	6.78707
28297	6.77663
28385.3	6.76625
28420.6	6.76211
28456	6.758
28491.3	6.7539
28526.7	6.74984
28562	6.74584
28579.7	6.74387
28597.3	6.74194
28615	6.74005
28632.6	6.73825
28650.3	6.73655
28668	6.73502
28678.5	6.73424
28689	6.73361
28699.5	6.73319
28710	6.73306
28720.4	6.7334
28725.7	6.73383
28730.9	6.73449
28736.2	6.73545
28741.4	6.73678
28746.7	6.7387
28751.9	6.74141
28756.3	6.74456
28760.8	6.74884
28765.2	6.75473
28769.6	6.76299
28771.8	6.7684
28774	6.77496
28776.2	6.78305
28778.4	6.79312
28780.6	6.80599
28782.8	6.82265
28785	6.84474
28787.2	6.8748
28788.8	6.90269
28790.3	6.9395
28791.8	6.99055
28792.6	7.02451
28793.3	7.06642
28794.1	7.12113
28794.8	7.19389
28795.6	7.2935
28796.3	7.43311
28796.7	7.5236
28797.1	7.63182
28797.5	7.76136
28797.9	7.91641
28798.2	8.10174
28798.6	8.32279
28799	8.58558
28799.4	8.88784
28799.7	9.17106
28800	9.48102
28800.3	9.84275
28800.6	10.2357
28800.9	10.6906
28801.2	11.1804
28801.4	11.7228
28801.7	12.3205
28802	12.9995
28802.3	13.7165
28802.6	14.5225
28802.9	15.3642
28803.2	16.2993
28803.5	17.2643
28803.8	18.2869
28804.1	19.3637
28804.4	20.5297
28804.7	21.7013
28805.3	24.1887
28806.4	29.2548
28807.1	32.0733
28807.5	33.3473
28807.8	34.5171
28808.2	35.6766
28808.6	36.6552
28808.8	37.1698
28809	37.5984
28809.5	38.1208
28809.7	38.3094
28810	38.3838
28810	38.3859
28810.1	38.374
28810.3	38.3335
28810.5	38.176
28810.8	37.9024
28811	37.52
28811.3	36.9915
28811.6	36.3733
28812	35.1268
28812.5	33.6799
28812.8	32.3961
28813.2	31.0193
28813.9	28.1227
28815.1	22.9484
28815.7	20.4965
28816	19.3371
28816.2	18.2669
28816.6	17.048
28817	15.9136
28817.3	14.8673
28817.6	13.9363
28818	13.0652
28818.3	12.2807
28818.7	11.5792
28819	10.9731
28819.4	10.4216
28819.7	9.93812
28820.1	9.51666
28820.4	9.16094
28820.8	8.84427
28821.1	8.57218
28821.5	8.33925
28821.8	8.14573
28822.2	7.95361
28822.6	7.79409
28823	7.66174
28823.4	7.55439
28823.8	7.46263
28824.2	7.38608
28825	7.26913
28825.8	7.18371
28826.6	7.12097
28827.4	7.07209
28828.2	7.03375
28829.8	6.97586
28831.3	6.93409
28832.9	6.90238
28834.5	6.87749
28836.7	6.85095
28838.9	6.83071
28841.1	6.8147
28843.3	6.80186
28845.5	6.7913
28847.6	6.78256
28852	6.76893
28856.8	6.7581
28861.5	6.75004
28867.9	6.74199
28873.9	6.73623
28879.8	6.73169
28885.8	6.728
28891.7	6.72492
28897.7	6.72229
28903.7	6.72
28909.6	6.71799
28915.6	6.7162
28927.5	6.71304
28939.4	6.71031
28951.3	6.70789
28963.3	6.70568
28974.4	6.70377
28985.5	6.70197
29007.8	6.6986
29030	6.69543
29052.3	6.69239
29074.5	6.68946
29096.8	6.6866
29119	6.68379
29141.3	6.68104
29163.5	6.67828
29185.8	6.67558
29230.3	6.6702
29274.8	6.66487
29319.3	6.65958
29408.3	6.64905
29497.3	6.63856
29675.3	6.61758
30031.3	6.57529
30539.8	6.51303
31048.4	6.44743
31557	6.37617
32065.5	6.29687
32447	6.22896
32828.4	6.15045
33209.8	6.05654
33591.3	5.93681
33769.3	5.86676
33947.3	5.78417
34125.3	5.68229
34303.3	5.55288
34392.3	5.47265
34481.3	5.37895
34570.3	5.26609
34659.3	5.12782
34710.1	5.03331
34761	4.92413
34811.8	4.79657
34862.7	4.64487
34897.7	4.5227
34932.6	4.38216
34967.6	4.21862
35002.6	4.02596
35023.2	3.89496
35043.9	3.749
35064.6	3.58444
35085.2	3.39809
35102.7	3.22014
35120.2	3.02012
35128.9	2.9106
35137.7	2.794
35146.4	2.66968
35155.1	2.53696
35166.3	2.35466
35177.4	2.15642
35182.9	2.05042
35188.5	1.93987
35194.1	1.82447
35199.6	1.7041
35205.2	1.57843
35210.8	1.44794
35216.3	1.31252
35221.9	1.17243
35227.4	1.02824
35233	0.881085
35244.1	0.584462
35247.2	0.504008
35250.3	0.425665
35253.4	0.350452
35256.4	0.279622
35259.5	0.214768
35262.6	0.157954
35264.1	0.133354
35265.7	0.111794
35267.2	0.093705
35268.8	0.0795758
35270	0.0716627
35271.2	0.0668057
35271.8	0.0655839
35272.3	0.0652393
35272.9	0.0658047
35273.5	0.0673066
35274.2	0.0703704
35274.9	0.0748284
35275.6	0.0808963
35276.3	0.0884901
35277	0.0979267
35277.7	0.109037
35278.4	0.12225
35279.1	0.137303
35280.3	0.168629
35281.5	0.206723
35282.7	0.252544
35283.9	0.306893
35285.1	0.371243
35286.2	0.445521
35287.4	0.531326
35288.6	0.629889
35289.7	0.733526
35290.8	0.849301
35291.9	0.979381
35293	1.12518
35294.1	1.28986
35295.2	1.47214
35296.3	1.67537
35297.4	1.90166
35297.9	2.02532
35298.5	2.15578
35299	2.29335
35299.6	2.43571
35300.1	2.58849
35300.7	2.74652
35301.2	2.91606
35301.7	3.09136
35302.3	3.27938
35302.8	3.47743
35303.4	3.68603
35303.9	3.9016
35304.5	4.13269
35305	4.37145
35305.6	4.62734
35306.1	4.89167
35306.7	5.17489
35307.2	5.47294
35307.8	5.78656
35308.3	6.11037
35308.9	6.45715
35309.4	6.81511
35309.9	7.19835
35310.5	7.59382
35311	8.01708
35311.6	8.46196
35312.1	8.92948
35312.7	9.41152
35313.2	9.92698
35313.8	10.4582
35314.3	11.0259
35314.8	11.6105
35315.4	12.177
35315.9	12.7683
35316.4	13.3856
35316.8	14.0296
35317.8	15.4014
35318.8	16.8905
35319.8	18.5033
35320.8	20.2455
35321.8	22.1219
35322.9	24.1357
35323.5	25.4542
35324.1	26.8035
35325.3	29.6553
35326.5	32.7299
35327.8	35.9615
35329	39.3788
35330.2	42.8933
35332.7	50.1476
35334.5	55.5469
35336.3	60.6602
35337.2	63.0376
35338.2	65.2584
35339.1	67.2973
35340	69.1128
35340.8	70.4789
35341.5	71.6794
35342.3	72.7075
35343.1	73.5489
35343.8	74.2235
35344.6	74.7141
35345.4	75.0359
35346.1	75.185
35347	75.1519
35348	74.901
35348.9	74.4485
35349.8	73.8205
35351.6	72.0906
35353.4	69.8692
35355.2	67.294
35357	64.5292
35360.6	58.8145
35363.4	54.5129
35366.2	50.5148
35369	46.858
35370.4	45.1747
35371.9	43.5823
35373.3	42.0679
35374.7	40.6493
35377.5	38.0422
35380.3	35.7266
35383.1	33.6753
35385.5	32.0773
35387.9	30.6341
35390.4	29.3165
35392.8	28.1205
35395.2	27.0232
35397.6	26.0223
35400.1	25.1031
35402.5	24.2571
35405.3	23.3564
35408.1	22.5364
35410.9	21.7821
35413.7	21.0915
35416.5	20.4527
35419.3	19.8646
35422.1	19.3179
35424.9	18.8122
35428	18.298
35431	17.8231
35437.2	16.9712
35443.3	16.2292
35449.4	15.5797
35455	15.0494
35460.6	14.574
35466.2	14.145
35471.9	13.7562
35477.5	13.4017
35483.1	13.0783
35494.3	12.5089
35505.5	12.0234
35516.8	11.6056
35528	11.2418
35539.2	10.9228
35549.4	10.6653
35559.6	10.4335
35580	10.033
35600.4	9.6995
35620.8	9.41779
35643.3	9.15413
35665.7	8.92895
35688.2	8.73428
35710.6	8.56427
35753.5	8.29328
35796.3	8.07436
35839.2	7.89373
35882.1	7.74192
35955.5	7.53141
36029	7.3647
36102.5	7.2287
36175.9	7.11532
36322.9	6.93637
36469.8	6.79754
36714.7	6.62178
36959.6	6.48614
37204.5	6.37278
37449.4	6.2735
37873.9	6.12013
38086.2	6.04843
38298.4	5.97875
38478	5.9212
38657.6	5.86517
38837.2	5.81152
39016.8	5.76228
39180.1	5.72568
39290.2	5.71101
39345.3	5.71063
39372.9	5.7139
39400.4	5.72103
39419.8	5.72992
39439.2	5.74406
39448.9	5.7542
39458.6	5.7674
39468.3	5.78486
39478	5.80905
39486.7	5.83986
39491	5.86021
39495.4	5.88526
39499.7	5.91691
39504	5.95793
39506.2	5.98352
39508.4	6.01367
39510.5	6.04972
39512.7	6.09336
39514.5	6.1374
39516.3	6.19095
39518.1	6.25886
39518.9	6.30008
39519.8	6.34819
39520.7	6.40621
39521.6	6.47632
39522.5	6.56422
39523.4	6.67749
39524.3	6.82898
39524.8	6.92342
39525.2	7.03091
39525.7	7.15917
39526.1	7.30564
39526.5	7.48062
39527	7.68023
39527.4	7.88412
39527.8	8.11024
39528.1	8.36646
39528.5	8.65586
39528.9	8.99059
39529.3	9.35656
39529.7	9.76467
39530	10.2175
39530.4	10.731
39530.8	11.2807
39531.2	11.8799
39531.6	12.529
39532	13.2465
39532.3	13.9936
39532.7	14.7856
39533.1	15.6182
39533.9	17.4074
39534.6	19.2568
39535.4	21.1366
39536.2	22.9062
39536.5	23.686
39536.9	24.3942
39537.2	25.0435
39537.6	25.6248
39538	26.296
39538.5	26.8043
39538.9	27.0633
39539.2	27.223
39539.6	27.2804
39539.9	27.2399
39540	27.2257
39540	27.2128
39540.1	27.1788
39540.2	27.1429
39540.3	27.0488
39540.7	26.7891
39541.2	26.2008
39541.6	25.5864
39542	24.8724
39542.4	24.1627
39542.8	23.3857
39543.5	21.6727
39544.2	19.6897
39545	17.6545
39545.8	15.6632
39546.2	14.6974
39546.6	13.7947
39546.9	13.0686
39547.2	12.3979
39547.5	11.7416
39547.8	11.1422
39548.1	10.5621
39548.4	10.038
39548.8	9.55124
39549.1	9.10129
39549.4	8.67467
39549.7	8.29692
39550	7.95276
39550.3	7.64066
39550.6	7.35029
39551	7.09792
39551.3	6.87211
39551.6	6.67092
39552.1	6.37847
39552.6	6.14293
39553.2	5.95545
39553.7	5.80791
39554.2	5.69311
39554.8	5.60475
39555.3	5.53749
39555.8	5.48687
39556.3	5.44921
39556.9	5.42155
39557.4	5.40154
39557.9	5.38732
39559	5.37088
39560.1	5.36436
39561.1	5.36332
39562.2	5.36527
39564.3	5.37336
39566.4	5.38355
39568.5	5.39416
39571.8	5.41003
39575.1	5.42457
39578.4	5.43773
39581.6	5.44948
39584.9	5.46003
39588.2	5.46949
39594.7	5.48586
39601.3	5.49943
39607.8	5.51083
39620.9	5.52899
39637.9	5.54639
39654.8	5.55991
39688.7	5.58077
39756.6	5.61586
39824.4	5.6577
39892.2	5.71903
39926.1	5.76206
39960	5.8168
40003.2	5.91208
40046.3	6.04847
40067.9	6.14096
40089.5	6.25621
40111.1	6.40211
40132.6	6.5904
40142.6	6.69709
40152.7	6.819
40162.7	6.95791
40172.7	7.12041
40182.7	7.31044
40192.7	7.53433
40202.8	7.80058
40212.8	8.12013
40218.9	8.35018
40225.1	8.61036
40231.3	8.90708
40237.4	9.2459
40243.6	9.63539
40249.8	10.086
40252.8	10.34
40255.9	10.6141
40259	10.9113
40262.1	11.2342
40266.3	11.7262
40270.6	12.2813
40274.8	12.9104
40279	13.6265
40283.3	14.4453
40285.4	14.8991
40287.5	15.3861
40289.7	15.9094
40291.8	16.4723
40293.9	17.0787
40296	17.7293
40298.7	18.6374
40301.4	19.6399
40304.1	20.7486
40306.8	21.9727
40309.5	23.3367
40312.2	24.8475
40314.9	26.5343
40317.6	28.4035
40319.8	30.1258
40322.1	32.0048
40324.3	34.0513
40326.6	36.2639
40328.8	38.6686
40331.1	41.2577
40333.3	44.0262
40335.5	46.9471
40338.6	51.1554
40341.7	55.5174
40344.7	59.8753
40347.8	64.0039
40349.3	65.9151
40350.8	67.6738
40352.4	69.2454
40353.9	70.589
40355.4	71.6926
40357	72.5212
40358.5	73.0555
40360	73.2827
40361.5	73.2009
40363.1	72.8107
40364.6	72.1229
40366.1	71.1554
40367.7	69.9322
40369.2	68.4819
40370.7	66.8367
40372.2	65.0425
40375.3	61.0836
40378.3	56.872
40381.4	52.6222
40384.5	48.5086
40386.4	45.9943
40388.4	43.6051
40390.3	41.3392
40392.2	39.2025
40394.2	37.1867
40396.1	35.3112
40398.1	33.5615
40400	31.9326
40402.3	30.1714
40404.5	28.5563
40406.8	27.0761
40409.1	25.7198
40411.3	24.4768
40413.6	23.3373
40415.9	22.2921
40418.2	21.3366
40420.3	20.4915
40422.5	19.7106
40424.7	18.9881
40426.8	18.3215
40429	17.7003
40431.2	17.126
40433.3	16.5896
40435.5	16.0928
40439.8	15.196
40444.1	14.4141
40448.5	13.7291
40452.8	13.1267
40455.9	12.7392
40459	12.3851
40462.1	12.0587
40465.2	11.7594
40471.4	11.2284
40477.6	10.7765
40483.7	10.3865
40489.9	10.0488
40496.1	9.75499
40502.3	9.49933
40508.1	9.28934
40513.8	9.10394
40519.6	8.93935
40525.4	8.79355
40536.9	8.55089
40548.5	8.35789
40558.4	8.2245
40568.3	8.11629
40578.2	8.02929
40588.1	7.9608
40607.9	7.87024
40627.7	7.82978
40645.8	7.82941
40664	7.85914
40682.1	7.91622
40700.3	7.99907
40718.4	8.10675
40736.6	8.23956
40754.7	8.39805
40772.9	8.58332
40791	8.79781
40809.2	9.04362
40827.3	9.32413
40845.4	9.64331
40863.6	10.0059
40881.8	10.4181
40899.9	10.8869
40918	11.4203
40933.7	11.942
40949.4	12.5279
40965.1	13.1882
40980.7	13.9331
40996.4	14.7778
41012.1	15.738
41019.9	16.2669
41027.8	16.8278
41035.6	17.4329
41043.4	18.0813
41052.5	18.8925
41061.6	19.7729
41070.7	20.7319
41079.7	21.776
41088.8	22.9171
41097.9	24.1636
41107	25.5306
41116	27.029
41125.1	28.6779
41134.2	30.4916
41143.2	32.4919
41152.3	34.7013
41161.4	37.148
41170.5	39.8548
41179.5	42.8552
41188.6	46.1827
41197.7	49.8731
41202.2	51.8636
41206.7	53.9585
41211.3	56.1621
41215.8	58.4787
41224.9	63.4662
41233.9	68.946
41243	74.9289
41252	81.4043
41261.1	88.343
41280.8	104.43
41290.7	112.526
41300.5	120.158
41305.5	123.66
41310.4	126.856
41315.3	129.689
41320.3	132.098
41325.2	134.028
41330.1	135.432
41335.1	136.275
41340	136.535
41345.4	136.15
41350.7	135.085
41356	133.371
41361.4	131.059
41366.7	128.205
41372.1	124.896
41377.4	121.205
41382.7	117.216
41393.4	108.641
41404.1	99.7666
41414.8	91.0119
41425.5	82.6296
41433.3	76.908
41441	71.5445
41448.8	66.5368
41456.6	61.9047
41464.4	57.625
41472.1	53.6909
41479.9	50.0718
41487.7	46.7546
41495	43.8884
41502.3	41.2454
41509.6	38.8075
41516.9	36.5576
41524.2	34.4796
41531.5	32.5586
41538.8	30.7809
41546.1	29.1339
41551.7	27.9416
41557.4	26.8179
41563	25.7561
41568.7	24.7534
41574.3	23.8078
41579.9	22.9104
41591.2	21.246
41602.5	19.7436
41613.8	18.3861
41625.1	17.1545
41636.3	16.0336
41643.6	15.3603
41650.9	14.7255
41658.2	14.1257
41665.6	13.5584
41672.8	13.021
41680.2	12.5115
41687.5	12.0279
41694.8	11.5686
41709.3	10.7158
41724	9.94187
41738.5	9.23734
41753.2	8.59419
41767.8	8.00604
41782.4	7.46742
41796.9	6.97407
41811.6	6.52265
41826.2	6.11058
41840.8	5.73629
41855.3	5.39889
41870	5.09839
41879.9	4.91504
41889.9	4.74985
41899.8	4.60361
41909.8	4.47751
41919.7	4.37263
41929.7	4.29086
41939.7	4.23376
41949.6	4.20285
41956.9	4.20017
41964.2	4.2154
41971.5	4.24984
41978.8	4.30523
41986.1	4.38352
41993.4	4.48689
42000.7	4.61782
42008	4.77909
42015.3	4.97382
42022.6	5.20552
42026.2	5.33644
42029.9	5.47811
42033.6	5.6311
42037.2	5.79601
42040.8	5.97346
42044.5	6.16412
42048.2	6.3687
42051.8	6.58795
42055.5	6.82263
42059.1	7.07359
42062.8	7.34169
42066.4	7.62784
42070	7.933
42073.7	8.25818
42077.3	8.60444
42081	8.97288
42084.7	9.36466
42088.3	9.78097
42092	10.2231
42095.6	10.6923
42099.2	11.1899
42102.9	11.7173
42106.6	12.276
42110.2	12.8673
42113.8	13.4928
42117.5	14.1538
42121.2	14.8517
42124.8	15.5879
42130.2	16.7467
42135.6	17.9984
42140.9	19.3467
42146.3	20.7954
42151.7	22.3476
42157.1	24.0059
42162.5	25.7717
42167.8	27.6466
42173	29.5394
42178.1	31.5192
42183.2	33.5865
42188.4	35.7281
42198.6	40.2108
42208.9	44.8583
42219.2	49.5208
42229.5	54.0171
42234.6	56.1437
42239.7	58.1511
42244.9	60.0243
42250	61.7352
42254.9	63.2048
42259.8	64.4984
42264.7	65.6096
42269.6	66.5326
42274.5	67.2651
42279.3	67.8078
42284.2	68.1649
42289.1	68.3433
42295.1	68.3328
42301	68.0924
42307	67.6451
42312.9	67.0166
42318.8	66.2297
42324.8	65.3063
42336.6	63.1405
42348.5	60.7584
42360.4	58.2215
42372.2	55.6503
42384.1	53.1201
42396.4	50.5989
42408.6	48.2027
42420.9	45.9481
42433.2	43.8431
42445.4	41.8832
42457.7	40.0656
42469.9	38.3826
42482.2	36.8266
42494.4	35.3859
42506.7	34.0526
42519	32.8176
42531.2	31.6727
42543.5	30.6098
42555.7	29.6219
42568	28.7023
42580.2	27.8459
42603.7	26.3689
42627.1	25.0604
42650.5	23.9022
42673.9	22.8681
42697.3	21.942
42720.7	21.1102
42744.1	20.3575
42767.5	19.6739
42794.2	18.9679
42821	18.3292
42847.7	17.7507
42874.4	17.223
42901.2	16.7411
42927.9	16.2983
42981.4	15.5163
43030.4	14.8987
43079.5	14.3544
43128.5	13.8734
43177.5	13.4478
43226.6	13.0641
43275.6	12.7203
43324.6	12.4089
43373.7	12.1246
43471.7	11.6289
43569.8	11.2095
43667.9	10.8505
43765.9	10.542
43801.6	10.441
43877.4	10.2451
43953.1	10.0745
44028.9	9.93075
44104.7	9.82117
44176	9.76144
44213.9	9.75466
44251.8	9.77282
44289.7	9.8249
44327.6	9.92727
44352.1	10.0312
44376.6	10.1764
44401.1	10.3775
44413.4	10.5054
44425.6	10.656
44444.6	10.9448
44454	11.1203
44463.5	11.3212
44473	11.5519
44482.5	11.8161
44491.9	12.1226
44501.4	12.4789
44507.5	12.7405
44513.7	13.0301
44519.8	13.3516
44525.9	13.7092
44532	14.108
44538.2	14.5541
44544.3	15.0545
44550.4	15.6167
44556.6	16.2524
44562.7	16.9728
44568.8	17.7923
44575	18.7282
44581.1	19.8017
44584.2	20.3989
44587.2	21.0384
44590.3	21.7286
44593.3	22.469
44596.4	23.2694
44599.5	24.1301
44602.5	25.0637
44605.6	26.0718
44608.7	27.1688
44611.7	28.3559
44614.8	29.6504
44617.9	31.0542
44620.9	32.583
44624	34.2499
44627.1	36.0753
44630.1	38.063
44633.2	40.2432
44636.2	42.6201
44639.3	45.2291
44642.4	48.0738
44645.4	51.1836
44648.5	54.5795
44650.4	56.8287
44652.3	59.1989
44654.2	61.694
44656.1	64.3167
44659.8	69.9512
44663.6	76.0827
44667.4	82.7111
44671.2	89.7259
44678.7	104.389
44684	114.385
44686.7	118.938
44689.4	123.031
44692	126.549
44694.7	129.348
44697.3	131.348
44700	132.482
44702.7	132.717
44704.8	132.242
44707	131.198
44709.2	129.609
44711.3	127.538
44713.5	125.022
44715.7	122.145
44717.8	118.962
44720	115.54
44724.3	108.21
44728.6	100.635
44733	93.1199
44737.3	85.9383
44740.8	80.3677
44744.4	75.1745
44748	70.3473
44751.5	65.9132
44755.1	61.835
44758.6	58.1163
44762.2	54.7214
44765.7	51.6252
44769.2	48.8172
44772.8	46.2548
44776.3	43.9151
44779.8	41.7766
44783.4	39.8198
44786.9	38.0268
44790.4	36.3815
44793.9	34.8694
44797.8	33.357
44801.7	31.9726
44805.5	30.703
44809.3	29.5365
44813.2	28.463
44817	27.4738
44820.9	26.5604
44824.8	25.7144
44831.8	24.3144
44838.9	23.0894
44845.9	22.0108
44853	21.0563
44860.1	20.2077
44867.1	19.4497
44874.2	18.7698
44881.2	18.1576
44888.3	17.6041
44895.4	17.1021
44902.4	16.6451
44909.5	16.2279
44923.6	15.4949
44937.7	14.8739
44949.3	14.4324
44960.8	14.0429
44972.4	13.6949
44983.9	13.3826
44995.5	13.1015
45007	12.8474
45030.1	12.4066
45058.4	11.9639
45086.6	11.6012
45114.8	11.2988
45143.1	11.0431
45186.7	10.7172
45230.4	10.4543
45274	10.2363
45317.6	10.0527
45374.1	9.85357
45430.6	9.68695
45543.6	9.42163
45651.4	9.2258
45759.2	9.06671
45867	8.93342
45974.8	8.819
46139.1	8.67165
46303.4	8.54796
46467.7	8.44148
46632	8.34817
46857.9	8.2365
47083.8	8.13945
47535.6	7.97712
47987.4	7.84513
48439.2	7.73346
48891	7.63628
49342.8	7.54946
50000	7.4351
50842.1	7.29494
51263.2	7.21965
51684.2	7.13202
52052.6	7.03296
52236.8	6.96796
52421.1	6.88479
52579	6.78905
52657.9	6.72778
52736.8	6.65328
52782.9	6.60159
52829	6.5423
52875	6.47291
52921.1	6.39069
52955.6	6.31815
52990.1	6.23365
53024.7	6.13386
53059.2	6.01425
53095.4	5.8598
53113.5	5.76799
53131.6	5.6638
53149.7	5.54445
53167.8	5.40652
53185.9	5.2452
53204	5.05402
53215.5	4.91274
53227	4.75309
53238.5	4.57063
53250	4.36034
53259.1	4.17128
53268.1	3.95723
53272.6	3.83895
53277.2	3.71263
53281.7	3.5772
53286.2	3.43172
53290.7	3.27482
53295.2	3.10607
53299.8	2.92392
53304.3	2.72711
53308.8	2.51389
53313.3	2.28404
53315.6	2.16245
53317.8	2.03634
53320.1	1.90576
53322.4	1.77082
53325.6	1.57352
53328.8	1.36958
53331.9	1.16169
53335.1	0.955185
53338.3	0.756746
53339.9	0.664433
53341.5	0.580516
53343.1	0.507105
53344.7	0.449191
53346.3	0.411546
53347.1	0.402356
53347.9	0.401018
53349.1	0.417269
53350.3	0.460222
53351.4	0.521348
53352.4	0.610138
53353.4	0.731881
53354.4	0.891014
53355	0.98915
53355.5	1.09787
53356	1.22254
53356.5	1.35952
53357	1.51548
53357.5	1.68572
53358	1.8745
53358.6	2.08328
53359.2	2.3906
53359.9	2.73891
53360.6	3.1322
53361.2	3.57467
53361.9	4.07067
53362.6	4.62467
53363.2	5.24119
53363.9	5.91401
53364.5	6.55059
53365	7.22871
53365.6	7.97489
53366.2	8.76496
53366.7	9.62886
53367.3	10.5376
53367.9	11.5066
53368.4	12.5363
53368.9	13.5066
53369.4	14.5245
53369.9	15.5887
53370.4	16.6978
53370.9	17.8496
53371.4	19.0415
53372.4	21.5073
53373.3	23.743
53374.1	26.04
53375.9	30.698
53376.7	32.992
53377.6	35.2152
53378.4	37.3316
53379.3	39.285
53380	40.8093
53380.5	41.8821
53381.1	42.8515
53381.6	43.7481
53382.2	44.535
53382.7	45.2383
53383.3	45.83
53383.8	46.3229
53384.3	46.717
53385.4	47.1955
53386.4	47.3403
53387.4	47.1762
53388.4	46.7361
53389.4	46.0578
53390.5	45.1821
53391.5	44.1498
53392.5	43.0123
53395	39.9211
53397.5	36.7584
53400	33.783
53401.2	32.4074
53402.5	31.1258
53403.7	29.9189
53405	28.7957
53406.2	27.7531
53407.5	26.7864
53408.7	25.8905
53410	25.0602
53411.2	24.2901
53412.5	23.5807
53413.7	22.9158
53415	22.297
53417.5	21.186
53420	20.2108
53422.5	19.3563
53424.5	18.727
53426.6	18.1585
53428.6	17.6413
53429.6	17.4007
53430.6	17.1721
53431.4	17.0016
53432.2	16.8413
53433	16.6882
53433.8	16.5474
53434.6	16.417
53435.4	16.3025
53436.2	16.2049
53437	16.1273
53437.8	16.0725
53438.6	16.0455
53439.4	16.0486
53440.2	16.0845
53441	16.1554
53441.8	16.2592
53442.5	16.3944
53443.3	16.5562
53445.1	16.9873
53446.1	17.2014
53447	17.3868
53447.9	17.528
53448.8	17.6053
53449.6	17.6078
53450	17.5861
53450	17.5829
53450.2	17.5704
53450.3	17.557
53450.6	17.5248
53451.1	17.4415
53451.6	17.3321
53452.2	17.1542
53452.9	16.9434
53453.6	16.6988
53454.2	16.4346
53455.8	15.7479
53457.3	15.0653
53458.1	14.7451
53458.9	14.4523
53459.6	14.1831
53460.4	13.9457
53461	13.7907
53461.5	13.6499
53462.1	13.5227
53462.7	13.408
53463.2	13.3047
53463.8	13.2116
53464.3	13.1275
53464.9	13.0526
53465.4	12.983
53466	12.9193
53466.6	12.8605
53467.1	12.8069
53467.7	12.7557
53468.2	12.7074
53468.8	12.6615
53469.3	12.6185
53469.9	12.5763
53470.5	12.5356
53471.6	12.4584
53472.7	12.3843
53473.8	12.3137
53476	12.1792
53478.3	12.0526
53481	11.9069
53483.7	11.7691
53486.4	11.6322
53489.1	11.4841
53491.8	11.2991
53494.6	11.0497
53497.3	10.7231
53500	10.3521
53500	114.123
54000	114.123
59000	114.123
64000	114.123
69000	114.123
74000	114.123
79000	114.123
84000	114.123
89000	114.123
94000	114.123
99000	114.123
99999.9	114.123
100000	114.123
100000	9.87068
105000	9.81057
110000	9.69937
115000	9.53744
120000	9.3755
125000	9.31819
130000	9.31321
135000	9.36034
140000	9.51119
150000	10.0203
155000	10.172
160000	10.3237
165000	10.3726
166325	10.3856
170000	10.4216
175000	10.1099
180000	9.84983
185000	9.48723
190000	9.22816
195000	8.81457
200000	8.55599
210000	8.81233
230000	9.9441
240000	9.7902
250000	9.37771
260000	8.55374
270000	8.50276
280000	8.8639
290000	8.96653
300000	8.29704
310000	7.73073
320000	7.83427
330000	8.24748
340000	8.71194
350000	9.07313
360000	9.1251
370000	8.97302
380000	8.66393
390000	8.97362
400000	9.54111
410000	9.74846
420000	9.74857
430000	9.43905
440000	9.38736
450000	9.38718
460000	9.28394
470000	9.07742
480000	8.56139
490000	8.0968
500000	7.9417
520000	8.73207
530000	8.97158
540000	8.97098
550000	8.55778
560000	8.3993
570000	8.19222
580000	8.03684
600000	7.95263
620000	8.02292
640000	8.13416
660000	8.21442
680000	8.27385
700000	8.26086
720000	8.13231
740000	7.80134
760000	7.40651
770000	7.22575
780000	7.04499
800000	6.76608
820000	7.02461
840000	7.48635
860000	7.46482
880000	7.29953
940000	6.86603
960000	6.73176
1e+06	6.57628
1.05e+06	6.48187
1.1e+06	6.43999
1.15e+06	6.3471
1.188e+06	6.26144
1.188e+06	6.26143
1.2e+06	6.23439
1.2183e+06	6.17532
1.25e+06	6.073
1.3e+06	5.91161
1.314e+06	5.86642
1.35e+06	5.754
1.395e+06	5.62507
1.4e+06	5.61075
1.45e+06	5.53398
1.4761e+06	5.49391
1.5e+06	5.45722
1.51481e+06	5.44141
1.53e+06	5.42519
1.6e+06	5.35045
1.71958e+06	5.18084
1.78046e+06	5.09448
1.78046e+06	5.09446
1.8e+06	5.06676
1.9e+06	4.89959
2e+06	4.78956
2.073e+06	4.70924
2.20412e+06	4.60729
2.2108e+06	4.6021
2.2108e+06	4.60211
2.286e+06	4.54363
2.3e+06	4.53647
2.30012e+06	4.53641
2.34502e+06	4.51345
2.34502e+06	4.51345
2.4e+06	4.48534
2.47902e+06	4.45445
2.5e+06	4.44625
2.57342e+06	4.41755
2.6e+06	4.40716
2.71784e+06	4.36111
2.73999e+06	4.35245
2.77003e+06	4.34071
2.77003e+06	4.3407
2.77871e+06	4.33731
2.82757e+06	4.31822
2.9e+06	4.28991
2.90133e+06	4.28939
2.94729e+06	4.27142
3e+06	4.25082
3.09423e+06	4.22146
3.11145e+06	4.2161
3.11145e+06	4.2161
3.2e+06	4.18851
3.34592e+06	4.15719
3.34592e+06	4.15718
3.4e+06	4.14558
3.48692e+06	4.11431
3.48692e+06	4.11431
3.59691e+06	4.07473
3.59691e+06	4.07473
3.6e+06	4.07362
3.8e+06	4.01643
4e+06	3.98223
4.2e+06	3.9654
4.4e+06	3.96306
4.5e+06	3.96781
4.6e+06	3.97257
4.8e+06	3.99109
5e+06	4.01881
5.2e+06	4.02953
5.4e+06	4.07649
5.5e+06	4.09997
5.6e+06	4.12344
5.8e+06	4.14744
6e+06	4.18348
6.19979e+06	4.21948
6.74584e+06	4.31789
6.8e+06	4.32765
7e+06	4.35398
7.11898e+06	4.36964
7.11898e+06	4.36964
7.27e+06	4.38952
7.74998e+06	4.43529
7.74998e+06	4.43529
8e+06	4.45913
8.31232e+06	4.47514
8.6e+06	4.48988
9e+06	4.48923
9.5e+06	4.47256
1e+07	4.43947
1.02e+07	4.42624
1.1e+07	4.35686
1.14773e+07	4.30273
1.16e+07	4.28882
1.2e+07	4.24346
1.21043e+07	4.23163
1.24e+07	4.1981
1.26987e+07	4.161
1.26989e+07	4.16098
1.3e+07	4.13006
1.35e+07	4.0699
1.4e+07	4.00975
1.45e+07	3.94959
1.5e+07	3.88946
1.6e+07	3.76938
1.7e+07	3.66132
1.8e+07	3.57061
1.9e+07	3.50337
2e+07	3.43715
